###Sample	Phased_SNV	Phased_SNV(%)	Phased_INDEL	Phased_INDEL(%)	SNV_SW	SNV_SW(%)	Hamming_Dis.(%)	No._of_Block	Block_N50(bp)	Block_Sum
###hapcut2_v134_10x_10.phased.VCF	1889813	78.77897	0	0.00000	5035	0.26718	8.47341	5908	949752	2452013367
###hapcut2_v134_10x_1.phased.VCF	1890862	78.82270	0	0.00000	4920	0.26092	7.94024	5833	969249	2451422587
###hapcut2_v134_10x_2.phased.VCF	1891551	78.85142	0	0.00000	4997	0.26491	7.94713	5886	962992	2452509984
###hapcut2_v134_10x_3.phased.VCF	1890998	78.82837	0	0.00000	5145	0.27283	8.10437	5800	953711	2454788067
###hapcut2_v134_10x_4.phased.VCF	1888452	78.72224	0	0.00000	5020	0.26657	7.48763	5831	949411	2451072928
###hapcut2_v134_10x_5.phased.VCF	1884941	78.57588	0	0.00000	4808	0.25580	7.06029	5964	942428	2448670746
###hapcut2_v134_10x_6.phased.VCF	1889493	78.76563	0	0.00000	5100	0.27067	7.54113	5920	953079	2452652420
###hapcut2_v134_10x_7.phased.VCF	1891610	78.85388	0	0.00000	5166	0.27387	7.66220	5942	931311	2450066607
###hapcut2_v134_10x_8.phased.VCF	1891850	78.86389	0	0.00000	5037	0.26699	7.88674	5828	955692	2450962953
###hapcut2_v134_10x_9.phased.VCF	1888542	78.72599	0	0.00000	4950	0.26284	7.61673	5872	969350	2451768290
###hapcut2_v134_12x_10.phased.VCF	2048619	85.39898	0	0.00000	4900	0.23968	8.13164	4845	1272886	2483486978
###hapcut2_v134_12x_1.phased.VCF	2048686	85.40177	0	0.00000	4807	0.23512	8.53115	4810	1272260	2482113124
###hapcut2_v134_12x_2.phased.VCF	2049679	85.44317	0	0.00000	4848	0.23702	8.26591	4893	1234657	2481858017
###hapcut2_v134_12x_3.phased.VCF	2048865	85.40923	0	0.00000	4966	0.24287	8.18021	4751	1257659	2487521814
###hapcut2_v134_12x_4.phased.VCF	2048310	85.38610	0	0.00000	4828	0.23620	7.90438	4830	1254404	2483438928
###hapcut2_v134_12x_5.phased.VCF	2047053	85.33370	0	0.00000	5017	0.24559	8.14611	4829	1274638	2485373238
###hapcut2_v134_12x_6.phased.VCF	2051276	85.50974	0	0.00000	4788	0.23391	7.40433	4897	1206897	2480629216
###hapcut2_v134_12x_7.phased.VCF	2048340	85.38735	0	0.00000	5052	0.24715	7.81311	4831	1246546	2486252033
###hapcut2_v134_12x_8.phased.VCF	2047583	85.35579	0	0.00000	5283	0.25855	8.38427	4838	1232167	2484987979
###hapcut2_v134_12x_9.phased.VCF	2050187	85.46434	0	0.00000	4990	0.24390	7.88652	4845	1242912	2483164891
###hapcut2_v134_14x_10.phased.VCF	2127134	88.67196	0	0.00000	4614	0.21731	6.77281	4470	1420492	2487373410
###hapcut2_v134_14x_1.phased.VCF	2127506	88.68747	0	0.00000	4702	0.22140	7.53990	4346	1450215	2493326963
###hapcut2_v134_14x_2.phased.VCF	2131552	88.85613	0	0.00000	4675	0.21972	6.71210	4450	1387742	2489213418
###hapcut2_v134_14x_3.phased.VCF	2131229	88.84267	0	0.00000	4589	0.21571	6.46751	4401	1422136	2492988577
###hapcut2_v134_14x_4.phased.VCF	2130821	88.82566	0	0.00000	4792	0.22529	7.51729	4329	1463633	2494082770
###hapcut2_v134_14x_5.phased.VCF	2127735	88.69702	0	0.00000	4598	0.21648	7.70406	4389	1442630	2490134379
###hapcut2_v134_14x_6.phased.VCF	2128545	88.73078	0	0.00000	4632	0.21800	7.19078	4356	1482070	2492840346
###hapcut2_v134_14x_7.phased.VCF	2129918	88.78802	0	0.00000	4457	0.20963	6.21537	4351	1427308	2491353408
###hapcut2_v134_14x_8.phased.VCF	2129295	88.76205	0	0.00000	4821	0.22681	7.55155	4336	1430219	2492247804
###hapcut2_v134_14x_9.phased.VCF	2129602	88.77484	0	0.00000	4639	0.21823	7.34149	4395	1441058	2491637527
###hapcut2_v134_16x_10.phased.VCF	2169035	90.41865	0	0.00000	4332	0.20005	5.98585	4135	1553266	2492943135
###hapcut2_v134_16x_1.phased.VCF	2170272	90.47022	0	0.00000	4202	0.19394	6.18584	4219	1546653	2494731932
###hapcut2_v134_16x_2.phased.VCF	2168131	90.38097	0	0.00000	4210	0.19449	6.21666	4073	1564937	2494796245
###hapcut2_v134_16x_3.phased.VCF	2168975	90.41615	0	0.00000	4358	0.20126	6.36238	4173	1509028	2494970849
###hapcut2_v134_16x_4.phased.VCF	2168895	90.41282	0	0.00000	4249	0.19623	5.71274	4141	1546254	2496163000
###hapcut2_v134_16x_5.phased.VCF	2170795	90.49202	0	0.00000	4431	0.20445	6.46073	4064	1559981	2498340971
###hapcut2_v134_16x_6.phased.VCF	2168835	90.41032	0	0.00000	4348	0.20080	5.39669	4058	1559699	2496969544
###hapcut2_v134_16x_7.phased.VCF	2170083	90.46234	0	0.00000	4389	0.20258	6.21039	4103	1531834	2493841918
###hapcut2_v134_16x_8.phased.VCF	2169101	90.42140	0	0.00000	4460	0.20595	6.86367	4120	1555768	2494384968
###hapcut2_v134_16x_9.phased.VCF	2171033	90.50194	0	0.00000	4457	0.20563	5.91160	4134	1496200	2496199565
###hapcut2_v134_18x_10.phased.VCF	2189254	91.26151	0	0.00000	4126	0.18876	5.10551	4004	1605184	2495527470
###hapcut2_v134_18x_1.phased.VCF	2189755	91.28239	0	0.00000	4207	0.19242	4.91689	3974	1555869	2497604146
###hapcut2_v134_18x_2.phased.VCF	2192290	91.38806	0	0.00000	4027	0.18398	5.97504	4008	1622439	2495657417
###hapcut2_v134_18x_3.phased.VCF	2190433	91.31065	0	0.00000	4203	0.19218	5.53229	3945	1617572	2498104091
###hapcut2_v134_18x_4.phased.VCF	2192091	91.37977	0	0.00000	3896	0.17800	5.37340	3960	1654921	2499904515
###hapcut2_v134_18x_5.phased.VCF	2190630	91.31887	0	0.00000	4081	0.18659	5.18548	4039	1559365	2495056078
###hapcut2_v134_18x_6.phased.VCF	2192253	91.38652	0	0.00000	4126	0.18850	5.15646	3969	1577247	2498704659
###hapcut2_v134_18x_7.phased.VCF	2189766	91.28285	0	0.00000	3935	0.17998	5.23802	3928	1632279	2496909093
###hapcut2_v134_18x_8.phased.VCF	2190725	91.32283	0	0.00000	4174	0.19082	5.32948	3913	1674138	2500003531
###hapcut2_v134_18x_9.phased.VCF	2189074	91.25400	0	0.00000	3901	0.17848	5.34170	3951	1602659	2496218711
###hapcut2_v134_20x_10.phased.VCF	2199054	91.67003	0	0.00000	3752	0.17087	4.91150	3858	1654096	2500006253
###hapcut2_v134_20x_1.phased.VCF	2200421	91.72701	0	0.00000	3552	0.16167	3.92652	3883	1666861	2498691054
###hapcut2_v134_20x_2.phased.VCF	2199917	91.70600	0	0.00000	3702	0.16853	4.20132	3911	1639614	2496048243
###hapcut2_v134_20x_3.phased.VCF	2200864	91.74548	0	0.00000	4033	0.18352	4.41511	3842	1685391	2499270880
###hapcut2_v134_20x_4.phased.VCF	2199619	91.69358	0	0.00000	3874	0.17639	4.26492	3909	1672337	2497330491
###hapcut2_v134_20x_5.phased.VCF	2199014	91.66836	0	0.00000	3776	0.17197	4.61062	3878	1679975	2496503463
###hapcut2_v134_20x_6.phased.VCF	2199327	91.68141	0	0.00000	3780	0.17213	3.75928	3929	1643786	2496868409
###hapcut2_v134_20x_7.phased.VCF	2200175	91.71676	0	0.00000	3937	0.17920	3.91285	3783	1649709	2498638691
###hapcut2_v134_20x_8.phased.VCF	2200682	91.73789	0	0.00000	3939	0.17926	4.16836	3849	1653464	2498603659
###hapcut2_v134_20x_9.phased.VCF	2199246	91.67803	0	0.00000	3902	0.17769	4.48395	3881	1693790	2497970394
###hapcut2_v134_30x_1.vcf.gz	2213483	92.27152	0	0.00000	3280	0.14837	2.60713	3482	1886905	2515385610
###hapcut2_v134_40x_1.vcf.gz	2215745	92.36581	0	0.00000	2916	0.13175	2.89845	3203	2163966	2531935879
###hapcut2_v134_50x_1.vcf.gz	2216082	92.37986	0	0.00000	2568	0.11600	2.19744	3034	2461512	2543997838
###hapcut2_v134_60x_1.vcf.gz	2215228	92.34426	0	0.00000	2309	0.10433	2.11063	2911	2724972	2553964462
###whatshap_v28_10x_10.vcf	1888697	78.73245	169623	32.83875	5273	0.27978	12.60822	4631	1241531	2544280293
###whatshap_v28_10x_1.vcf	1889881	78.78181	169937	32.89954	5101	0.27048	12.47445	4613	1280777	2542845954
###whatshap_v28_10x_2.vcf	1890536	78.80911	169737	32.86082	5036	0.26695	12.03955	4700	1225479	2540096377
###whatshap_v28_10x_3.vcf	1890020	78.78760	170051	32.92161	5228	0.27719	12.69110	4607	1226952	2544032605
###whatshap_v28_10x_4.vcf	1887499	78.68251	169685	32.85076	5101	0.27083	11.85421	4640	1230957	2541448124
###whatshap_v28_10x_5.vcf	1885312	78.59134	169497	32.81436	5230	0.27801	11.81279	4686	1221946	2542256708
###whatshap_v28_10x_6.vcf	1888638	78.72999	169852	32.88309	5249	0.27853	12.30965	4732	1247682	2541612594
###whatshap_v28_10x_7.vcf	1890584	78.81111	169825	32.87786	5217	0.27654	12.00813	4671	1206661	2541061313
###whatshap_v28_10x_8.vcf	1890878	78.82337	169640	32.84204	5151	0.27299	12.19304	4576	1247746	2542043439
###whatshap_v28_10x_9.vcf	1887562	78.68514	169568	32.82811	5151	0.27347	11.60418	4592	1285743	2542872699
###whatshap_v28_12x_10.vcf	2047308	85.34433	192837	37.33295	4993	0.24424	13.18170	3646	1716806	2571178497
###whatshap_v28_12x_1.vcf	2048905	85.41090	192801	37.32598	4965	0.24268	13.64997	3662	1774409	2569255170
###whatshap_v28_12x_2.vcf	2048251	85.38364	192525	37.27255	4917	0.24042	13.25303	3650	1724560	2571328561
###whatshap_v28_12x_3.vcf	2047577	85.35554	192340	37.23673	5036	0.24631	14.37060	3564	1791078	2573923138
###whatshap_v28_12x_4.vcf	2046922	85.32824	192622	37.29133	4829	0.23627	13.41587	3677	1694887	2570488720
###whatshap_v28_12x_5.vcf	2045791	85.28109	192463	37.26054	4983	0.24394	13.60689	3666	1715461	2570989163
###whatshap_v28_12x_6.vcf	2049896	85.45221	192665	37.29965	4843	0.23662	13.03700	3715	1677839	2568503670
###whatshap_v28_12x_7.vcf	2046963	85.32995	192443	37.25667	5002	0.24473	13.54762	3674	1688686	2572156984
###whatshap_v28_12x_8.vcf	2046171	85.29693	192196	37.20885	5216	0.25530	12.98003	3698	1641668	2569434419
###whatshap_v28_12x_9.vcf	2048836	85.40802	192927	37.35037	4975	0.24318	13.11306	3661	1713204	2570742988
###whatshap_v28_14x_10.vcf	2127340	88.68055	206663	40.00964	4699	0.22117	12.77555	3315	1983004	2576868033
###whatshap_v28_14x_1.vcf	2126108	88.62919	207094	40.09308	4541	0.21385	13.69874	3231	2077228	2581488496
###whatshap_v28_14x_2.vcf	2129951	88.78939	206985	40.07198	4475	0.21036	12.49915	3300	2049541	2578102915
###whatshap_v28_14x_3.vcf	2129560	88.77309	206742	40.02494	4427	0.20814	13.19084	3272	2045541	2578366451
###whatshap_v28_14x_4.vcf	2129189	88.75763	206844	40.04468	4749	0.22331	13.57595	3156	2175715	2581470391
###whatshap_v28_14x_5.vcf	2127916	88.70456	206904	40.05630	4773	0.22458	14.11757	3227	2060503	2580084069
###whatshap_v28_14x_6.vcf	2127026	88.66746	206489	39.97596	4529	0.21319	12.88836	3269	2078535	2577533488
###whatshap_v28_14x_7.vcf	2128323	88.72153	206750	40.02648	4509	0.21212	13.01968	3259	2052124	2577004706
###whatshap_v28_14x_8.vcf	2127678	88.69464	206605	39.99841	4684	0.22042	13.40546	3258	1996971	2576654684
###whatshap_v28_14x_9.vcf	2128066	88.71082	206943	40.06385	4517	0.21252	13.79828	3259	2080465	2578881143
###whatshap_v28_16x_10.vcf	2167323	90.34729	216389	41.89258	4133	0.19091	13.73657	3082	2289252	2579591943
###whatshap_v28_16x_1.vcf	2168618	90.40127	216450	41.90439	3972	0.18337	11.93955	3164	2206707	2578691799
###whatshap_v28_16x_2.vcf	2168262	90.38643	216452	41.90478	4267	0.19702	12.79447	3027	2254073	2579691583
###whatshap_v28_16x_3.vcf	2167323	90.34729	216067	41.83024	4121	0.19036	12.59972	3102	2122700	2581263164
###whatshap_v28_16x_4.vcf	2167289	90.34587	216346	41.88426	4129	0.19073	12.76161	3048	2231591	2584731452
###whatshap_v28_16x_5.vcf	2169153	90.42357	216636	41.94040	4142	0.19116	13.84562	3057	2278020	2580805291
###whatshap_v28_16x_6.vcf	2167157	90.34037	216445	41.90342	4356	0.20123	12.45884	3048	2332195	2581655983
###whatshap_v28_16x_7.vcf	2168412	90.39268	216362	41.88735	4202	0.19400	14.05586	3056	2269289	2581129405
###whatshap_v28_16x_8.vcf	2167370	90.34925	216560	41.92569	4289	0.19811	12.75627	3087	2304410	2579703290
###whatshap_v28_16x_9.vcf	2169354	90.43195	216537	41.92123	4349	0.20070	12.76819	3067	2221108	2582810839
###whatshap_v28_18x_10.vcf	2189352	91.26559	223715	43.31088	4130	0.18884	11.02474	2968	2364872	2580948837
###whatshap_v28_18x_1.vcf	2188128	91.21457	223597	43.28804	3955	0.18094	11.98030	3005	2365334	2581800827
###whatshap_v28_18x_2.vcf	2190696	91.32162	223399	43.24971	3890	0.17776	12.16827	3002	2356768	2580675135
###whatshap_v28_18x_3.vcf	2188850	91.24466	223649	43.29810	3855	0.17631	12.80486	2946	2517585	2583229342
###whatshap_v28_18x_4.vcf	2190472	91.31228	223866	43.34012	3787	0.17307	11.72293	2958	2501392	2582317394
###whatshap_v28_18x_5.vcf	2189057	91.25329	223571	43.28300	3728	0.17049	12.11680	3004	2369992	2580557765
###whatshap_v28_18x_6.vcf	2190539	91.31507	223551	43.27913	3893	0.17791	11.06615	3016	2327365	2581819554
###whatshap_v28_18x_7.vcf	2189944	91.29027	223434	43.25648	3863	0.17659	12.03738	2960	2363489	2582643591
###whatshap_v28_18x_8.vcf	2189191	91.25888	223727	43.31321	3995	0.18268	11.79444	2932	2436967	2583902814
###whatshap_v28_18x_9.vcf	2189132	91.25642	223882	43.34321	4059	0.18562	11.94953	2981	2416343	2581175313
###whatshap_v28_20x_10.vcf	2199108	91.67228	229091	44.35167	3608	0.16423	11.98303	2894	2475761	2583832872
###whatshap_v28_20x_1.vcf	2200436	91.72764	228720	44.27984	3441	0.15654	10.57851	2893	2416134	2582953951
###whatshap_v28_20x_2.vcf	2200009	91.70984	228614	44.25932	3522	0.16026	11.40274	2931	2443939	2580582050
###whatshap_v28_20x_3.vcf	2199395	91.68424	228947	44.32379	3744	0.17040	11.84241	2877	2425652	2583485040
###whatshap_v28_20x_4.vcf	2199601	91.69283	228983	44.33076	3757	0.17098	11.15823	2944	2564173	2581250409
###whatshap_v28_20x_5.vcf	2199091	91.67157	228762	44.28797	3689	0.16793	11.90851	2933	2491963	2580616245
###whatshap_v28_20x_6.vcf	2199358	91.68270	229206	44.37393	3811	0.17346	11.92476	2922	2517380	2581933412
###whatshap_v28_20x_7.vcf	2200223	91.71876	228977	44.32960	3794	0.17261	10.93334	2850	2504390	2581084359
###whatshap_v28_20x_8.vcf	2199211	91.67657	228821	44.29940	3743	0.17037	10.69410	2881	2495408	2581241139
###whatshap_v28_20x_9.vcf	2199321	91.68116	228724	44.28062	3718	0.16923	12.06475	2922	2543121	2582542738
###whatshap_v28_30x_1.vcf	2213472	92.27106	243513	47.14374	3027	0.13687	9.70711	2641	2980186	2592922935
###whatshap_v28_40x_1.vcf	2215645	92.36164	250622	48.52004	2572	0.11617	10.40289	2464	3390651	2603417646
###whatshap_v28_50x_1.vcf	2216012	92.37694	254935	49.35503	2346	0.10594	8.45871	2340	3677224	2613016549
###whatshap_v28_60x_1.vcf	2215208	92.34343	257426	49.83728	2139	0.09662	9.29256	2247	4195979	2621000165
###whatshap_v28_onlySNVs_10x_10.vcf	1888508	78.72457	0	0.00000	4437	0.23562	8.10694	5989	946058	2452407638
###whatshap_v28_onlySNVs_10x_1.vcf	1889679	78.77339	0	0.00000	4258	0.22597	7.71187	5933	959197	2451983774
###whatshap_v28_onlySNVs_10x_2.vcf	1890385	78.80282	0	0.00000	4313	0.22880	7.10938	5972	943828	2452709291
###whatshap_v28_onlySNVs_10x_3.vcf	1889829	78.77964	0	0.00000	4431	0.23512	8.22819	5905	937412	2454035576
###whatshap_v28_onlySNVs_10x_4.vcf	1887351	78.67634	0	0.00000	4389	0.23320	7.26107	5902	946764	2451705593
###whatshap_v28_onlySNVs_10x_5.vcf	1885092	78.58217	0	0.00000	4383	0.23318	7.19534	6029	932497	2450377340
###whatshap_v28_onlySNVs_10x_6.vcf	1888469	78.72295	0	0.00000	4474	0.23759	7.86073	5978	946317	2453854160
###whatshap_v28_onlySNVs_10x_7.vcf	1890394	78.80319	0	0.00000	4411	0.23401	7.73055	6034	921339	2450117745
###whatshap_v28_onlySNVs_10x_8.vcf	1890715	78.81657	0	0.00000	4409	0.23385	7.37741	5903	952893	2450548146
###whatshap_v28_onlySNVs_10x_9.vcf	1887372	78.67722	0	0.00000	4328	0.22997	7.45448	5958	963936	2451362935
###whatshap_v28_onlySNVs_12x_10.vcf	2047110	85.33607	0	0.00000	4187	0.20497	7.84078	4919	1258330	2482876390
###whatshap_v28_onlySNVs_12x_1.vcf	2048733	85.40373	0	0.00000	4281	0.20939	8.50287	4855	1264723	2483257596
###whatshap_v28_onlySNVs_12x_2.vcf	2048109	85.37772	0	0.00000	4121	0.20164	8.14891	4945	1223346	2482035386
###whatshap_v28_onlySNVs_12x_3.vcf	2047385	85.34754	0	0.00000	4345	0.21266	8.12887	4806	1248355	2487330788
###whatshap_v28_onlySNVs_12x_4.vcf	2046788	85.32265	0	0.00000	4076	0.19956	8.17033	4894	1245002	2483087296
###whatshap_v28_onlySNVs_12x_5.vcf	2045663	85.27575	0	0.00000	4256	0.20848	7.96055	4868	1269616	2485634218
###whatshap_v28_onlySNVs_12x_6.vcf	2049706	85.44429	0	0.00000	4061	0.19855	7.45983	4962	1189730	2480149348
###whatshap_v28_onlySNVs_12x_7.vcf	2046749	85.32102	0	0.00000	4210	0.20613	7.20156	4906	1230042	2484848220
###whatshap_v28_onlySNVs_12x_8.vcf	2046014	85.29039	0	0.00000	4467	0.21879	8.36418	4915	1211351	2484226445
###whatshap_v28_onlySNVs_12x_9.vcf	2048638	85.39977	0	0.00000	4283	0.20950	8.12085	4896	1225877	2483341327
###whatshap_v28_onlySNVs_14x_10.vcf	2127148	88.67255	0	0.00000	3862	0.18189	6.92660	4506	1406554	2487993934
###whatshap_v28_onlySNVs_14x_1.vcf	2125899	88.62048	0	0.00000	3744	0.17643	7.49399	4417	1424180	2491855895
###whatshap_v28_onlySNVs_14x_2.vcf	2129807	88.78339	0	0.00000	3780	0.17781	6.36508	4515	1355139	2488378739
###whatshap_v28_onlySNVs_14x_3.vcf	2129391	88.76605	0	0.00000	3729	0.17544	6.75447	4471	1404382	2491227732
###whatshap_v28_onlySNVs_14x_4.vcf	2129038	88.75133	0	0.00000	3960	0.18633	7.08779	4372	1434748	2493394424
###whatshap_v28_onlySNVs_14x_5.vcf	2127762	88.69814	0	0.00000	4070	0.19162	7.38507	4422	1425775	2490952677
###whatshap_v28_onlySNVs_14x_6.vcf	2126809	88.65842	0	0.00000	3838	0.18078	6.91879	4415	1436281	2492022868
###whatshap_v28_onlySNVs_14x_7.vcf	2128126	88.71332	0	0.00000	3706	0.17446	6.37014	4406	1418391	2490886409
###whatshap_v28_onlySNVs_14x_8.vcf	2127488	88.68672	0	0.00000	4015	0.18906	7.43031	4392	1409713	2491550816
###whatshap_v28_onlySNVs_14x_9.vcf	2127840	88.70139	0	0.00000	3775	0.17774	7.39554	4438	1417113	2491134304
###whatshap_v28_onlySNVs_16x_10.vcf	2167167	90.34078	0	0.00000	3490	0.16131	6.10930	4181	1539723	2491913443
###whatshap_v28_onlySNVs_16x_1.vcf	2168471	90.39514	0	0.00000	3381	0.15618	6.09708	4262	1538073	2493436399
###whatshap_v28_onlySNVs_16x_2.vcf	2168119	90.38047	0	0.00000	3580	0.16539	5.76028	4103	1560240	2495053104
###whatshap_v28_onlySNVs_16x_3.vcf	2167217	90.34287	0	0.00000	3416	0.15789	6.67501	4226	1498278	2493864676
###whatshap_v28_onlySNVs_16x_4.vcf	2167093	90.33770	0	0.00000	3486	0.16113	6.21077	4195	1521165	2495036026
###whatshap_v28_onlySNVs_16x_5.vcf	2169031	90.41849	0	0.00000	3539	0.16343	6.75174	4117	1539173	2496544908
###whatshap_v28_onlySNVs_16x_6.vcf	2166980	90.33299	0	0.00000	3813	0.17625	6.42008	4104	1538539	2496128886
###whatshap_v28_onlySNVs_16x_7.vcf	2168216	90.38451	0	0.00000	3533	0.16322	6.78884	4157	1519105	2492918736
###whatshap_v28_onlySNVs_16x_8.vcf	2167233	90.34354	0	0.00000	3662	0.16925	6.49607	4168	1537485	2493053587
###whatshap_v28_onlySNVs_16x_9.vcf	2169203	90.42566	0	0.00000	3708	0.17122	6.38150	4173	1487615	2495402256
###whatshap_v28_onlySNVs_18x_10.vcf	2189118	91.25584	0	0.00000	3502	0.16023	5.55706	4046	1594737	2494911572
###whatshap_v28_onlySNVs_18x_1.vcf	2187972	91.20806	0	0.00000	3304	0.15124	4.48363	4010	1542367	2496788878
###whatshap_v28_onlySNVs_18x_2.vcf	2190476	91.31245	0	0.00000	3259	0.14902	5.68859	4037	1616548	2495206643
###whatshap_v28_onlySNVs_18x_3.vcf	2188658	91.23666	0	0.00000	3272	0.14973	5.22453	4002	1603066	2496730227
###whatshap_v28_onlySNVs_18x_4.vcf	2190322	91.30603	0	0.00000	3088	0.14120	5.64598	4000	1641486	2498429671
###whatshap_v28_onlySNVs_18x_5.vcf	2188869	91.24546	0	0.00000	3139	0.14364	4.92987	4071	1545253	2494680735
###whatshap_v28_onlySNVs_18x_6.vcf	2190363	91.30774	0	0.00000	3314	0.15154	5.07084	4003	1576548	2497416569
###whatshap_v28_onlySNVs_18x_7.vcf	2189716	91.28076	0	0.00000	3175	0.14522	5.05579	3960	1618474	2496076114
###whatshap_v28_onlySNVs_18x_8.vcf	2188985	91.25029	0	0.00000	3422	0.15657	5.60881	3968	1654547	2498828172
###whatshap_v28_onlySNVs_18x_9.vcf	2189015	91.25154	0	0.00000	3436	0.15721	5.01444	3990	1590971	2495652780
###whatshap_v28_onlySNVs_20x_10.vcf	2198952	91.66578	0	0.00000	2983	0.13586	4.50502	3889	1641865	2499620418
###whatshap_v28_onlySNVs_20x_1.vcf	2200300	91.72197	0	0.00000	2735	0.12449	3.76472	3909	1652503	2498435309
###whatshap_v28_onlySNVs_20x_2.vcf	2199787	91.70059	0	0.00000	2960	0.13476	4.56511	3944	1629896	2495583235
###whatshap_v28_onlySNVs_20x_3.vcf	2199226	91.67720	0	0.00000	3226	0.14691	4.05463	3882	1672327	2497924863
###whatshap_v28_onlySNVs_20x_4.vcf	2199446	91.68637	0	0.00000	3062	0.13943	4.50324	3941	1659620	2496563388
###whatshap_v28_onlySNVs_20x_5.vcf	2198932	91.66494	0	0.00000	3121	0.14215	5.05572	3915	1676422	2495870347
###whatshap_v28_onlySNVs_20x_6.vcf	2199270	91.67903	0	0.00000	3077	0.14012	4.35938	3949	1643786	2497042080
###whatshap_v28_onlySNVs_20x_7.vcf	2200010	91.70988	0	0.00000	3238	0.14740	4.62144	3820	1640783	2498343077
###whatshap_v28_onlySNVs_20x_8.vcf	2199081	91.67115	0	0.00000	3152	0.14355	4.11515	3889	1635989	2497398554
###whatshap_v28_onlySNVs_20x_9.vcf	2199117	91.67266	0	0.00000	3113	0.14177	4.42501	3904	1678693	2497722101
###whatshap_v28_onlySNVs_30x_1.vcf	2213304	92.26406	0	0.00000	2524	0.11418	2.55556	3499	1876879	2514869957
###whatshap_v28_onlySNVs_40x_1.vcf	2215519	92.35639	0	0.00000	2139	0.09665	3.04639	3208	2150938	2531683337
###whatshap_v28_onlySNVs_50x_1.vcf	2215890	92.37186	0	0.00000	2010	0.09080	2.39959	3034	2471462	2543880701
###whatshap_v28_onlySNVs_60x_1.vcf	2215068	92.33759	0	0.00000	1785	0.08066	2.74955	2912	2724972	2553718702
###longphase_gnn_10x_10.vcf	1867421	77.84554	0	0.00000	1528	0.08210	5.58792	7156	833931	2431151905
###longphase_gnn_10x_1.vcf	1867478	77.84791	0	0.00000	1510	0.08113	5.27872	7167	840759	2412686945
###longphase_gnn_10x_2.vcf	1868053	77.87188	0	0.00000	1516	0.08142	5.32006	7126	843790	2427039489
###longphase_gnn_10x_3.vcf	1868587	77.89414	0	0.00000	1506	0.08086	5.63299	7081	842502	2430792606
###longphase_gnn_10x_4.vcf	1865048	77.74662	0	0.00000	1476	0.07940	4.91332	7150	841226	2407944827
###longphase_gnn_10x_5.vcf	1863973	77.70180	0	0.00000	1505	0.08101	4.94480	7156	826916	2427503690
###longphase_gnn_10x_6.vcf	1867287	77.83995	0	0.00000	1523	0.08183	5.27192	7145	850285	2428425345
###longphase_gnn_10x_7.vcf	1868300	77.88218	0	0.00000	1554	0.08345	5.44537	7170	831319	2434021037
###longphase_gnn_10x_8.vcf	1869379	77.92716	0	0.00000	1574	0.08448	5.59228	7105	853387	2424535927
###longphase_gnn_10x_9.vcf	1865870	77.78088	0	0.00000	1487	0.07996	5.28170	7171	852846	2430933975
###longphase_gnn_12x_10.vcf	2026115	84.46087	0	0.00000	1397	0.06912	5.56640	5996	1120119	2472161360
###longphase_gnn_12x_1.vcf	2027751	84.52907	0	0.00000	1359	0.06718	6.06780	5873	1117464	2451759737
###longphase_gnn_12x_2.vcf	2026955	84.49589	0	0.00000	1351	0.06682	5.44894	5967	1100717	2477473496
###longphase_gnn_12x_3.vcf	2027759	84.52941	0	0.00000	1332	0.06585	5.75099	5843	1122502	2489982649
###longphase_gnn_12x_4.vcf	2025958	84.45433	0	0.00000	1340	0.06630	5.26901	5899	1108066	2483067563
###longphase_gnn_12x_5.vcf	2024486	84.39297	0	0.00000	1238	0.06130	5.59106	5909	1111879	2478085029
###longphase_gnn_12x_6.vcf	2028521	84.56117	0	0.00000	1406	0.06948	4.84465	5943	1062835	2468843692
###longphase_gnn_12x_7.vcf	2025612	84.43991	0	0.00000	1365	0.06755	4.84602	5930	1093392	2482303276
###longphase_gnn_12x_8.vcf	2024709	84.40226	0	0.00000	1291	0.06392	5.45332	5963	1092640	2474664226
###longphase_gnn_12x_9.vcf	2027890	84.53487	0	0.00000	1268	0.06268	5.25114	5847	1111606	2477920668
###longphase_gnn_14x_10.vcf	2108094	87.87826	0	0.00000	1130	0.05372	4.80816	5311	1286730	2495094872
###longphase_gnn_14x_1.vcf	2106296	87.80331	0	0.00000	1107	0.05267	5.72473	5325	1271694	2489232740
###longphase_gnn_14x_2.vcf	2109559	87.93933	0	0.00000	1123	0.05335	4.60673	5373	1238820	2491207300
###longphase_gnn_14x_3.vcf	2109661	87.94358	0	0.00000	1155	0.05486	4.39442	5316	1273623	2497157551
###longphase_gnn_14x_4.vcf	2108837	87.90923	0	0.00000	1226	0.05826	4.77841	5248	1305915	2483800410
###longphase_gnn_14x_5.vcf	2107543	87.85529	0	0.00000	1159	0.05510	5.73211	5182	1326039	2498141783
###longphase_gnn_14x_6.vcf	2107002	87.83274	0	0.00000	1113	0.05293	4.74843	5297	1316229	2502312448
###longphase_gnn_14x_7.vcf	2108283	87.88614	0	0.00000	1111	0.05281	3.92419	5275	1295712	2493006093
###longphase_gnn_14x_8.vcf	2106964	87.83115	0	0.00000	1156	0.05498	5.39832	5219	1300794	2505229080
###longphase_gnn_14x_9.vcf	2107655	87.85996	0	0.00000	1092	0.05192	4.73428	5289	1283124	2493022546
###longphase_gnn_16x_10.vcf	2149024	89.58447	0	0.00000	1037	0.04834	4.56731	4916	1477139	2509406476
###longphase_gnn_16x_1.vcf	2150048	89.62716	0	0.00000	972	0.04529	4.37241	4943	1429082	2491593556
###longphase_gnn_16x_2.vcf	2148602	89.56688	0	0.00000	1031	0.04807	4.35597	4890	1451901	2509408921
###longphase_gnn_16x_3.vcf	2148425	89.55950	0	0.00000	961	0.04481	3.64949	4892	1419308	2509019354
###longphase_gnn_16x_4.vcf	2148162	89.54854	0	0.00000	1025	0.04780	4.21898	4863	1417330	2509887577
###longphase_gnn_16x_5.vcf	2149669	89.61136	0	0.00000	988	0.04604	4.29869	4867	1445227	2506330860
###longphase_gnn_16x_6.vcf	2148787	89.57459	0	0.00000	1040	0.04849	3.98838	4775	1493083	2508109191
###longphase_gnn_16x_7.vcf	2149546	89.60623	0	0.00000	1016	0.04735	4.27125	4875	1419180	2510199620
###longphase_gnn_16x_8.vcf	2147903	89.53774	0	0.00000	1016	0.04739	4.23257	4857	1411680	2507337181
###longphase_gnn_16x_9.vcf	2149548	89.60632	0	0.00000	1020	0.04754	4.01833	4871	1419976	2519542027
###longphase_gnn_18x_10.vcf	2171113	90.50528	0	0.00000	951	0.04388	3.66750	4634	1517392	2516646591
###longphase_gnn_18x_1.vcf	2169577	90.44125	0	0.00000	940	0.04340	3.74305	4587	1516788	2523118399
###longphase_gnn_18x_2.vcf	2172344	90.55659	0	0.00000	910	0.04196	3.48258	4618	1540115	2520899136
###longphase_gnn_18x_3.vcf	2170299	90.47134	0	0.00000	925	0.04269	4.16776	4528	1557183	2521577034
###longphase_gnn_18x_4.vcf	2171830	90.53517	0	0.00000	903	0.04165	3.56573	4672	1552023	2516705095
###longphase_gnn_18x_5.vcf	2170797	90.49210	0	0.00000	923	0.04259	3.41669	4717	1464075	2514499042
###longphase_gnn_18x_6.vcf	2171253	90.51111	0	0.00000	909	0.04194	3.62314	4607	1526754	2516898959
###longphase_gnn_18x_7.vcf	2171927	90.53921	0	0.00000	919	0.04238	3.44761	4529	1553635	2517700726
###longphase_gnn_18x_8.vcf	2170642	90.48564	0	0.00000	896	0.04135	3.94687	4585	1536709	2520619313
###longphase_gnn_18x_9.vcf	2170277	90.47043	0	0.00000	899	0.04149	3.32006	4601	1555580	2507021175
###longphase_gnn_20x_10.vcf	2180885	90.91263	0	0.00000	805	0.03697	3.30883	4328	1611629	2529012143
###longphase_gnn_20x_1.vcf	2182053	90.96132	0	0.00000	922	0.04232	3.07491	4437	1590655	2518348259
###longphase_gnn_20x_2.vcf	2182439	90.97741	0	0.00000	816	0.03745	3.45546	4456	1582193	2498757260
###longphase_gnn_20x_3.vcf	2181896	90.95478	0	0.00000	788	0.03617	2.99044	4374	1611629	2524260062
###longphase_gnn_20x_4.vcf	2181806	90.95103	0	0.00000	801	0.03677	3.29290	4395	1643432	2520554074
###longphase_gnn_20x_5.vcf	2181480	90.93744	0	0.00000	844	0.03875	3.98773	4378	1619932	2501084414
###longphase_gnn_20x_6.vcf	2181262	90.92835	0	0.00000	758	0.03481	3.20515	4468	1613592	2542460024
###longphase_gnn_20x_7.vcf	2181802	90.95086	0	0.00000	823	0.03778	3.04520	4360	1607195	2524249996
###longphase_gnn_20x_8.vcf	2181367	90.93273	0	0.00000	839	0.03852	2.94251	4420	1601915	2525859036
###longphase_gnn_20x_9.vcf	2181249	90.92781	0	0.00000	833	0.03825	2.77159	4440	1634465	2525714171
###longphase_gnn_30x_1.vcf	2194861	91.49524	0	0.00000	680	0.03102	1.82263	3793	1920081	2543728279
###longphase_gnn_40x_1.vcf	2196032	91.54405	0	0.00000	602	0.02744	1.71254	3411	2177620	2565716990
###longphase_gnn_50x_1.vcf	2193915	91.45580	0	0.00000	588	0.02683	1.48076	3198	2512910	2605347327
###longphase_gnn_60x_1.vcf	2191311	91.34725	0	0.00000	496	0.02266	1.53436	3018	2864135	2611048303
###longphase_coh_indel_gnn_10x_10.vcf	1865625	77.77067	157145	30.42303	1746	0.09386	7.00937	6330	966452	2496480751
###longphase_coh_indel_gnn_10x_1.vcf	1865900	77.78213	157443	30.48072	1669	0.08971	6.67409	6400	978035	2491509154
###longphase_coh_indel_gnn_10x_2.vcf	1866077	77.78951	157134	30.42090	1750	0.09405	7.16409	6326	987155	2491719424
###longphase_coh_indel_gnn_10x_3.vcf	1866661	77.81385	157487	30.48924	1674	0.08994	7.45622	6350	960439	2504264928
###longphase_coh_indel_gnn_10x_4.vcf	1863525	77.68313	157006	30.39612	1681	0.09047	6.21560	6369	947057	2493048143
###longphase_coh_indel_gnn_10x_5.vcf	1862123	77.62468	156787	30.35372	1693	0.09119	6.05355	6418	937383	2485651183
###longphase_coh_indel_gnn_10x_6.vcf	1865707	77.77409	157427	30.47763	1704	0.09160	7.26413	6363	986796	2483465404
###longphase_coh_indel_gnn_10x_7.vcf	1866693	77.81519	157195	30.43271	1738	0.09338	6.95862	6415	942398	2491879503
###longphase_coh_indel_gnn_10x_8.vcf	1867518	77.84958	157022	30.39922	1721	0.09243	6.88755	6347	994995	2487408611
###longphase_coh_indel_gnn_10x_9.vcf	1864066	77.70568	156829	30.36185	1669	0.08980	6.77988	6351	977891	2488682558
###longphase_coh_indel_gnn_12x_10.vcf	2024047	84.37467	178633	34.58308	1540	0.07625	6.85274	5239	1305737	2556657053
###longphase_coh_indel_gnn_12x_1.vcf	2025755	84.44587	178409	34.53971	1577	0.07802	7.27281	5168	1285493	2542268652
###longphase_coh_indel_gnn_12x_2.vcf	2025362	84.42948	178580	34.57282	1500	0.07422	6.70065	5270	1329687	2559501871
###longphase_coh_indel_gnn_12x_3.vcf	2025456	84.43340	178345	34.52732	1495	0.07397	7.43913	5191	1309497	2554991383
###longphase_coh_indel_gnn_12x_4.vcf	2024377	84.38842	178393	34.53661	1508	0.07466	6.68456	5247	1318475	2550165917
###longphase_coh_indel_gnn_12x_5.vcf	2022505	84.31039	178361	34.53042	1393	0.06903	7.41943	5325	1286007	2544656537
###longphase_coh_indel_gnn_12x_6.vcf	2026746	84.48718	178448	34.54726	1537	0.07600	7.19027	5292	1249195	2534661167
###longphase_coh_indel_gnn_12x_7.vcf	2023987	84.37217	178313	34.52112	1560	0.07724	6.64897	5207	1299713	2558161262
###longphase_coh_indel_gnn_12x_8.vcf	2022792	84.32235	178040	34.46827	1464	0.07253	7.39281	5238	1279894	2546680279
###longphase_coh_indel_gnn_12x_9.vcf	2026360	84.47109	178876	34.63012	1439	0.07117	6.70136	5219	1309112	2552665294
###longphase_coh_indel_gnn_14x_10.vcf	2106255	87.80160	191572	37.08805	1319	0.06274	6.79572	4693	1522831	2583233437
###longphase_coh_indel_gnn_14x_1.vcf	2104633	87.73398	192283	37.22570	1311	0.06241	6.90055	4728	1519388	2575900819
###longphase_coh_indel_gnn_14x_2.vcf	2107735	87.86329	192007	37.17226	1257	0.05975	6.59550	4698	1516461	2578475344
###longphase_coh_indel_gnn_14x_3.vcf	2107816	87.86667	191828	37.13761	1220	0.05799	6.29232	4637	1572709	2579012317
###longphase_coh_indel_gnn_14x_4.vcf	2107027	87.83378	191894	37.15039	1317	0.06262	7.01912	4610	1565414	2583174493
###longphase_coh_indel_gnn_14x_5.vcf	2105469	87.76883	191912	37.15387	1325	0.06304	7.13274	4601	1556336	2578817195
###longphase_coh_indel_gnn_14x_6.vcf	2105310	87.76221	191417	37.05804	1286	0.06119	6.72646	4668	1558491	2580311831
###longphase_coh_indel_gnn_14x_7.vcf	2106320	87.80431	191716	37.11592	1250	0.05945	6.62623	4669	1541268	2568572851
###longphase_coh_indel_gnn_14x_8.vcf	2105231	87.75891	191563	37.08630	1268	0.06034	6.92425	4615	1534389	2579557126
###longphase_coh_indel_gnn_14x_9.vcf	2106080	87.79430	191944	37.16007	1287	0.06122	6.33346	4654	1528941	2564404187
###longphase_coh_indel_gnn_16x_10.vcf	2147495	89.52073	200644	38.84437	1235	0.05760	6.65002	4295	1687058	2572241608
###longphase_coh_indel_gnn_16x_1.vcf	2148487	89.56209	200827	38.87980	1146	0.05342	6.40810	4260	1701535	2553783757
###longphase_coh_indel_gnn_16x_2.vcf	2146992	89.49977	200526	38.82153	1188	0.05542	6.17872	4278	1695199	2590172000
###longphase_coh_indel_gnn_16x_3.vcf	2146319	89.47171	200595	38.83489	1134	0.05292	6.42248	4270	1675839	2601855931
###longphase_coh_indel_gnn_16x_4.vcf	2146296	89.47075	200751	38.86509	1180	0.05507	6.18184	4235	1748425	2593700150
###longphase_coh_indel_gnn_16x_5.vcf	2148126	89.54704	200952	38.90400	1132	0.05278	5.92161	4296	1693249	2588774495
###longphase_coh_indel_gnn_16x_6.vcf	2147064	89.50277	200859	38.88600	1197	0.05584	6.56603	4225	1753616	2574488335
###longphase_coh_indel_gnn_16x_7.vcf	2147803	89.53357	200658	38.84708	1163	0.05424	6.71340	4284	1720174	2583993581
###longphase_coh_indel_gnn_16x_8.vcf	2146288	89.47042	200874	38.88890	1175	0.05483	6.12291	4302	1753138	2606916621
###longphase_coh_indel_gnn_16x_9.vcf	2148244	89.55196	200898	38.89355	1123	0.05236	6.60288	4265	1732432	2598205606
###longphase_coh_indel_gnn_18x_10.vcf	2169964	90.45738	207403	40.15290	1106	0.05104	5.89310	3973	1840022	2587892624
###longphase_coh_indel_gnn_18x_1.vcf	2168129	90.38089	207074	40.08921	1110	0.05127	5.64374	4045	1870300	2596759095
###longphase_coh_indel_gnn_18x_2.vcf	2170895	90.49619	207189	40.11147	1113	0.05134	6.19629	4019	1883864	2597506220
###longphase_coh_indel_gnn_18x_3.vcf	2168838	90.41044	207262	40.12561	1121	0.05176	5.87665	3932	1880480	2583234233
###longphase_coh_indel_gnn_18x_4.vcf	2170508	90.48006	207357	40.14400	1098	0.05066	5.92221	4050	1891194	2585148738
###longphase_coh_indel_gnn_18x_5.vcf	2169286	90.42912	207274	40.12793	1069	0.04935	6.10849	4096	1817212	2592432061
###longphase_coh_indel_gnn_18x_6.vcf	2169715	90.44700	207275	40.12812	1040	0.04800	4.94968	4066	1824273	2587044114
###longphase_coh_indel_gnn_18x_7.vcf	2170418	90.47631	207209	40.11535	1064	0.04909	6.05697	3996	1898361	2584464445
###longphase_coh_indel_gnn_18x_8.vcf	2169314	90.43028	207408	40.15387	1074	0.04958	5.74489	4012	1870155	2584032728
###longphase_coh_indel_gnn_18x_9.vcf	2168971	90.41599	207461	40.16413	1077	0.04973	5.80815	4009	1857113	2590056661
###longphase_coh_indel_gnn_20x_10.vcf	2179444	90.85256	212080	41.05836	981	0.04507	5.55501	3804	1938446	2605597086
###longphase_coh_indel_gnn_20x_1.vcf	2180442	90.89417	211817	41.00745	1081	0.04964	6.07939	3831	2062428	2576337565
###longphase_coh_indel_gnn_20x_2.vcf	2180898	90.91318	211652	40.97550	1019	0.04679	6.48196	3862	2017547	2589909877
###longphase_coh_indel_gnn_20x_3.vcf	2180445	90.89429	211830	41.00996	989	0.04542	5.42845	3762	1969335	2600472468
###longphase_coh_indel_gnn_20x_4.vcf	2180716	90.90559	212187	41.07908	973	0.04468	5.60277	3821	2027817	2599399772
###longphase_coh_indel_gnn_20x_5.vcf	2180074	90.87883	211802	41.00454	994	0.04566	5.60792	3852	2002730	2586042029
###longphase_coh_indel_gnn_20x_6.vcf	2180056	90.87808	212093	41.06088	950	0.04364	6.37197	3893	2009790	2597832739
###longphase_coh_indel_gnn_20x_7.vcf	2180804	90.90926	212026	41.04791	981	0.04504	5.39987	3801	1905945	2574628404
###longphase_coh_indel_gnn_20x_8.vcf	2180179	90.88320	211938	41.03087	983	0.04515	5.45208	3791	2035963	2610230249
###longphase_coh_indel_gnn_20x_9.vcf	2179633	90.86044	211906	41.02468	1012	0.04649	5.77347	3871	2088253	2615340137
###longphase_coh_indel_gnn_30x_1.vcf	2194079	91.46264	224081	43.38174	822	0.03750	4.85833	3275	2444453	2615925521
###longphase_coh_indel_gnn_40x_1.vcf	2195030	91.50228	229304	44.39290	724	0.03301	4.36835	2965	2864646	2621819289
###longphase_coh_indel_gnn_50x_1.vcf	2192843	91.41112	232550	45.02132	664	0.03031	3.25704	2766	3189380	2669442305
###longphase_coh_indel_gnn_60x_1.vcf	2190434	91.31069	234254	45.35122	591	0.02700	3.46129	2590	3693798	2653401903
###longphase_coh_indel_sv_gnn_10x_10.vcf	1865488	77.76496	157106	30.41548	1745	0.09382	6.79003	6318	972605	2496606759
###longphase_coh_indel_sv_gnn_10x_1.vcf	1865762	77.77638	157402	30.47279	1686	0.09063	6.74531	6346	994345	2497793390
###longphase_coh_indel_sv_gnn_10x_2.vcf	1866039	77.78793	157109	30.41606	1748	0.09395	7.27429	6316	990137	2493136192
###longphase_coh_indel_sv_gnn_10x_3.vcf	1866561	77.80969	157480	30.48789	1686	0.09059	7.26625	6332	961752	2508209154
###longphase_coh_indel_sv_gnn_10x_4.vcf	1863610	77.68667	156993	30.39361	1697	0.09133	6.36496	6311	963509	2495506761
###longphase_coh_indel_sv_gnn_10x_5.vcf	1862107	77.62402	156771	30.35063	1693	0.09119	6.05369	6379	943933	2489686445
###longphase_coh_indel_sv_gnn_10x_6.vcf	1865654	77.77188	157416	30.47550	1684	0.09053	7.33075	6355	986796	2483573320
###longphase_coh_indel_sv_gnn_10x_7.vcf	1866580	77.81048	157122	30.41858	1750	0.09403	7.06639	6375	956004	2494501582
###longphase_coh_indel_sv_gnn_10x_8.vcf	1867407	77.84495	156991	30.39322	1740	0.09345	6.90972	6300	1000219	2492885490
###longphase_coh_indel_sv_gnn_10x_9.vcf	1864012	77.70343	156840	30.36398	1681	0.09045	6.74825	6330	987403	2493060755
###longphase_coh_indel_sv_gnn_12x_10.vcf	2023845	84.36625	178626	34.58172	1586	0.07853	6.95857	5185	1304587	2558452974
###longphase_coh_indel_sv_gnn_12x_1.vcf	2025478	84.43432	178383	34.53468	1559	0.07714	7.27809	5179	1284983	2543051532
###longphase_coh_indel_sv_gnn_12x_2.vcf	2025220	84.42356	178554	34.56778	1490	0.07373	6.74666	5225	1332101	2562157677
###longphase_coh_indel_sv_gnn_12x_3.vcf	2025276	84.42590	178286	34.51590	1496	0.07403	7.23469	5167	1301655	2535283600
###longphase_coh_indel_sv_gnn_12x_4.vcf	2024195	84.38084	178362	34.53061	1527	0.07560	6.58393	5238	1321375	2558127267
###longphase_coh_indel_sv_gnn_12x_5.vcf	2022256	84.30001	178327	34.52383	1406	0.06968	7.74314	5283	1297616	2548933902
###longphase_coh_indel_sv_gnn_12x_6.vcf	2026897	84.49347	178433	34.54436	1550	0.07664	7.33348	5242	1257626	2536544923
###longphase_coh_indel_sv_gnn_12x_7.vcf	2023863	84.36700	178285	34.51570	1570	0.07774	6.79942	5189	1304879	2562546753
###longphase_coh_indel_sv_gnn_12x_8.vcf	2022673	84.31739	178016	34.46363	1478	0.07323	7.41562	5219	1286635	2554422435
###longphase_coh_indel_sv_gnn_12x_9.vcf	2026298	84.46850	178917	34.63806	1443	0.07137	6.72391	5198	1309749	2550757923
###longphase_coh_indel_sv_gnn_14x_10.vcf	2106196	87.79914	191601	37.09366	1333	0.06341	6.90448	4675	1535813	2587904106
###longphase_coh_indel_sv_gnn_14x_1.vcf	2104562	87.73102	192283	37.22570	1301	0.06193	7.09534	4706	1529023	2580252235
###longphase_coh_indel_sv_gnn_14x_2.vcf	2107480	87.85266	191978	37.16665	1252	0.05952	6.66692	4665	1520509	2578632890
###longphase_coh_indel_sv_gnn_14x_3.vcf	2107724	87.86284	191803	37.13277	1230	0.05846	6.55226	4625	1573624	2584548846
###longphase_coh_indel_sv_gnn_14x_4.vcf	2106947	87.83045	191848	37.14148	1322	0.06286	7.06607	4589	1574969	2578666872
###longphase_coh_indel_sv_gnn_14x_5.vcf	2105282	87.76104	191878	37.14729	1330	0.06329	7.41530	4579	1559670	2583941776
###longphase_coh_indel_sv_gnn_14x_6.vcf	2105233	87.75900	191416	37.05785	1292	0.06148	6.92791	4634	1563987	2584448161
###longphase_coh_indel_sv_gnn_14x_7.vcf	2106226	87.80039	191707	37.11418	1247	0.05931	6.57779	4653	1542367	2567346636
###longphase_coh_indel_sv_gnn_14x_8.vcf	2105012	87.74978	191558	37.08534	1262	0.06006	6.98313	4584	1543648	2584240529
###longphase_coh_indel_sv_gnn_14x_9.vcf	2105848	87.78463	191916	37.15464	1293	0.06151	6.47390	4627	1541268	2571757417
###longphase_coh_indel_sv_gnn_16x_10.vcf	2147236	89.50994	200616	38.83895	1238	0.05775	6.47048	4287	1687029	2577945379
###longphase_coh_indel_sv_gnn_16x_1.vcf	2148333	89.55567	200807	38.87593	1134	0.05287	6.52217	4244	1722709	2574713409
###longphase_coh_indel_sv_gnn_16x_2.vcf	2146924	89.49693	200523	38.82095	1182	0.05514	6.47626	4263	1689772	2573637358
###longphase_coh_indel_sv_gnn_16x_3.vcf	2146292	89.47059	200525	38.82133	1131	0.05278	6.56659	4251	1684023	2606633890
###longphase_coh_indel_sv_gnn_16x_4.vcf	2146190	89.46633	200706	38.85638	1185	0.05530	6.13829	4202	1754203	2592284701
###longphase_coh_indel_sv_gnn_16x_5.vcf	2147968	89.54045	200915	38.89684	1154	0.05381	5.68219	4282	1715130	2608755056
###longphase_coh_indel_sv_gnn_16x_6.vcf	2146874	89.49485	200806	38.87573	1221	0.05696	6.40691	4202	1780146	2595611048
###longphase_coh_indel_sv_gnn_16x_7.vcf	2147528	89.52211	200629	38.84147	1178	0.05494	6.76561	4233	1734407	2584309675
###longphase_coh_indel_sv_gnn_16x_8.vcf	2146190	89.46633	200826	38.87961	1184	0.05526	6.08451	4276	1758537	2610911694
###longphase_coh_indel_sv_gnn_16x_9.vcf	2148199	89.55008	200838	38.88193	1124	0.05241	6.69074	4215	1735552	2596068972
###longphase_coh_indel_sv_gnn_18x_10.vcf	2169799	90.45050	207387	40.14981	1131	0.05220	6.04858	3954	1846603	2599159581
###longphase_coh_indel_sv_gnn_18x_1.vcf	2168226	90.38493	207065	40.08747	1117	0.05159	5.59196	4035	1878629	2606417244
###longphase_coh_indel_sv_gnn_18x_2.vcf	2170719	90.48885	207163	40.10644	1104	0.05093	6.42042	3987	1877692	2594793976
###longphase_coh_indel_sv_gnn_18x_3.vcf	2168829	90.41007	207234	40.12019	1115	0.05148	5.90566	3901	1917225	2602908920
###longphase_coh_indel_sv_gnn_18x_4.vcf	2170427	90.47668	207320	40.13684	1092	0.05039	5.75887	4046	1888461	2588778648
###longphase_coh_indel_sv_gnn_18x_5.vcf	2169148	90.42336	207248	40.12290	1075	0.04963	6.14956	4062	1828505	2582635462
###longphase_coh_indel_sv_gnn_18x_6.vcf	2169461	90.43641	207220	40.11748	1045	0.04824	5.15525	4044	1824273	2570157951
###longphase_coh_indel_sv_gnn_18x_7.vcf	2170393	90.47526	207181	40.10993	1082	0.04992	6.47109	3955	1920302	2587181877
###longphase_coh_indel_sv_gnn_18x_8.vcf	2169127	90.42249	207326	40.13800	1081	0.04991	5.93540	3971	1887371	2585479919
###longphase_coh_indel_sv_gnn_18x_9.vcf	2168923	90.41398	207430	40.15813	1069	0.04936	6.06952	3967	1882705	2593246425
###longphase_coh_indel_sv_gnn_20x_10.vcf	2179314	90.84715	212001	41.04307	987	0.04535	6.12146	3782	1990981	2609104347
###longphase_coh_indel_sv_gnn_20x_1.vcf	2180316	90.88891	211779	41.00009	1078	0.04951	6.30642	3818	2097177	2600209159
###longphase_coh_indel_sv_gnn_20x_2.vcf	2180866	90.91184	211618	40.96892	1022	0.04693	7.03196	3836	2059142	2606761943
###longphase_coh_indel_sv_gnn_20x_3.vcf	2180314	90.88883	211801	41.00435	986	0.04528	5.88999	3753	1975384	2598752366
###longphase_coh_indel_sv_gnn_20x_4.vcf	2180652	90.90292	212136	41.06921	973	0.04468	5.72253	3810	2051978	2600825736
###longphase_coh_indel_sv_gnn_20x_5.vcf	2180010	90.87616	211763	40.99699	1008	0.04630	5.71069	3827	2069365	2600478378
###longphase_coh_indel_sv_gnn_20x_6.vcf	2179852	90.86957	212078	41.05798	953	0.04378	6.66620	3877	2027817	2599604435
###longphase_coh_indel_sv_gnn_20x_7.vcf	2180758	90.90734	211985	41.03997	1010	0.04638	5.35702	3767	1943408	2594281238
###longphase_coh_indel_sv_gnn_20x_8.vcf	2180132	90.88124	211896	41.02274	996	0.04575	5.73967	3773	2036876	2605867031
###longphase_coh_indel_sv_gnn_20x_9.vcf	2179444	90.85256	211892	41.02197	997	0.04581	6.03696	3872	2099389	2615760819
###longphase_coh_indel_sv_gnn_30x_1.vcf	2193958	91.45760	224068	43.37922	838	0.03824	5.06890	3250	2421100	2615859931
###longphase_coh_indel_sv_gnn_40x_1.vcf	2194953	91.49907	229286	44.38942	739	0.03370	4.37885	2943	2978556	2645531230
###longphase_coh_indel_sv_gnn_50x_1.vcf	2192667	91.40378	232498	45.01126	673	0.03072	3.38559	2747	3216803	2666291027
###longphase_coh_indel_sv_gnn_60x_1.vcf	2190396	91.30911	234216	45.34386	592	0.02705	3.45777	2566	3703063	2661327339
