###Sample	Phased_SNV	Phased_SNV(%)	Phased_INDEL	Phased_INDEL(%)	SNV_SW	SNV_SW(%)	Hamming_Dis.(%)	No._of_Block	Block_N50(bp)	Block_Sum
###hapcut2_v134_10x_10.vcf.gz	1786687	84.86679	0	0.00000	3063	0.17193	8.32165	5908	949752	2452013367
###hapcut2_v134_10x_1.vcf.gz	1787249	84.89349	0	0.00000	3041	0.17063	7.77084	5833	969249	2451422587
###hapcut2_v134_10x_2.vcf.gz	1788169	84.93719	0	0.00000	3063	0.17178	7.82592	5886	962992	2452509984
###hapcut2_v134_10x_3.vcf.gz	1789114	84.98207	0	0.00000	3081	0.17269	7.81433	5800	953711	2454788067
###hapcut2_v134_10x_4.vcf.gz	1785489	84.80989	0	0.00000	3032	0.17030	7.24913	5831	949411	2451072928
###hapcut2_v134_10x_5.vcf.gz	1781570	84.62374	0	0.00000	3001	0.16894	6.92484	5964	942428	2448670746
###hapcut2_v134_10x_6.vcf.gz	1786533	84.85948	0	0.00000	3065	0.17205	7.42086	5920	953079	2452652420
###hapcut2_v134_10x_7.vcf.gz	1788607	84.95799	0	0.00000	3036	0.17023	7.50960	5942	931311	2450066607
###hapcut2_v134_10x_8.vcf.gz	1789557	85.00312	0	0.00000	3108	0.17417	7.66454	5828	955692	2450962953
###hapcut2_v134_10x_9.vcf.gz	1785665	84.81825	0	0.00000	3005	0.16877	7.42399	5872	969350	2451768290
###hapcut2_v134_12x_10.vcf.gz	1936102	91.96393	0	0.00000	2884	0.14928	7.93534	4845	1272886	2483486978
###hapcut2_v134_12x_1.vcf.gz	1935800	91.94959	0	0.00000	3005	0.15556	8.35659	4810	1272260	2482113124
###hapcut2_v134_12x_2.vcf.gz	1936104	91.96403	0	0.00000	3000	0.15528	8.05931	4893	1234657	2481858017
###hapcut2_v134_12x_3.vcf.gz	1935332	91.92736	0	0.00000	2877	0.14897	8.09183	4751	1257659	2487521814
###hapcut2_v134_12x_4.vcf.gz	1934734	91.89896	0	0.00000	2936	0.15207	7.70312	4830	1254404	2483438928
###hapcut2_v134_12x_5.vcf.gz	1934790	91.90162	0	0.00000	2911	0.15077	7.99933	4829	1274638	2485373238
###hapcut2_v134_12x_6.vcf.gz	1937020	92.00754	0	0.00000	2927	0.15143	7.33065	4897	1206897	2480629216
###hapcut2_v134_12x_7.vcf.gz	1935384	91.92983	0	0.00000	2939	0.15218	7.68655	4831	1246546	2486252033
###hapcut2_v134_12x_8.vcf.gz	1934463	91.88608	0	0.00000	3057	0.15836	8.14697	4838	1232167	2484987979
###hapcut2_v134_12x_9.vcf.gz	1936901	92.00189	0	0.00000	2878	0.14890	7.71173	4845	1242912	2483164891
###hapcut2_v134_14x_10.vcf.gz	2009035	95.42822	0	0.00000	2619	0.13060	6.60601	4470	1420492	2487373410
###hapcut2_v134_14x_1.vcf.gz	2009114	95.43197	0	0.00000	2755	0.13737	7.23774	4346	1450215	2493326963
###hapcut2_v134_14x_2.vcf.gz	2012730	95.60373	0	0.00000	2763	0.13753	6.56497	4450	1387742	2489213418
###hapcut2_v134_14x_3.vcf.gz	2012201	95.57860	0	0.00000	2707	0.13477	6.30915	4401	1422136	2492988577
###hapcut2_v134_14x_4.vcf.gz	2011041	95.52350	0	0.00000	2800	0.13948	7.38926	4329	1463633	2494082770
###hapcut2_v134_14x_5.vcf.gz	2009876	95.46816	0	0.00000	2671	0.13313	7.53891	4389	1442630	2490134379
###hapcut2_v134_14x_6.vcf.gz	2008990	95.42608	0	0.00000	2735	0.13638	7.00895	4356	1482070	2492840346
###hapcut2_v134_14x_7.vcf.gz	2010659	95.50536	0	0.00000	2738	0.13642	6.06109	4351	1427308	2491353408
###hapcut2_v134_14x_8.vcf.gz	2009677	95.45871	0	0.00000	2731	0.13614	7.41642	4336	1430219	2492247804
###hapcut2_v134_14x_9.vcf.gz	2010392	95.49267	0	0.00000	2690	0.13405	7.20091	4395	1441058	2491637527
###hapcut2_v134_16x_10.vcf.gz	2047735	97.26645	0	0.00000	2538	0.12415	5.88806	4135	1553266	2492943135
###hapcut2_v134_16x_1.vcf.gz	2048229	97.28991	0	0.00000	2572	0.12578	5.97029	4219	1546653	2494731932
###hapcut2_v134_16x_2.vcf.gz	2046078	97.18774	0	0.00000	2484	0.12160	6.02217	4073	1564937	2494796245
###hapcut2_v134_16x_3.vcf.gz	2046780	97.22109	0	0.00000	2575	0.12602	6.21989	4173	1509028	2494970849
###hapcut2_v134_16x_4.vcf.gz	2047383	97.24973	0	0.00000	2514	0.12299	5.51052	4141	1546254	2496163000
###hapcut2_v134_16x_5.vcf.gz	2048839	97.31889	0	0.00000	2574	0.12584	6.24355	4064	1559981	2498340971
###hapcut2_v134_16x_6.vcf.gz	2047492	97.25491	0	0.00000	2569	0.12568	5.20389	4058	1559699	2496969544
###hapcut2_v134_16x_7.vcf.gz	2047852	97.27201	0	0.00000	2593	0.12683	6.03480	4103	1531834	2493841918
###hapcut2_v134_16x_8.vcf.gz	2047741	97.26673	0	0.00000	2558	0.12513	6.60294	4120	1555768	2494384968
###hapcut2_v134_16x_9.vcf.gz	2049032	97.32806	0	0.00000	2612	0.12769	5.68809	4134	1496200	2496199565
###hapcut2_v134_18x_10.vcf.gz	2065938	98.13108	0	0.00000	2431	0.11786	4.87043	4004	1605184	2495527470
###hapcut2_v134_18x_1.vcf.gz	2067323	98.19687	0	0.00000	2473	0.11981	4.75746	3974	1555869	2497604146
###hapcut2_v134_18x_2.vcf.gz	2067839	98.22138	0	0.00000	2454	0.11886	5.84290	4008	1622439	2495657417
###hapcut2_v134_18x_3.vcf.gz	2067601	98.21008	0	0.00000	2451	0.11873	5.38811	3945	1617572	2498104091
###hapcut2_v134_18x_4.vcf.gz	2068370	98.24660	0	0.00000	2435	0.11791	5.07065	3960	1654921	2499904515
###hapcut2_v134_18x_5.vcf.gz	2067418	98.20138	0	0.00000	2443	0.11835	4.98018	4039	1559365	2495056078
###hapcut2_v134_18x_6.vcf.gz	2068408	98.24841	0	0.00000	2426	0.11747	5.02375	3969	1577247	2498704659
###hapcut2_v134_18x_7.vcf.gz	2066549	98.16011	0	0.00000	2447	0.11859	5.08278	3928	1632279	2496909093
###hapcut2_v134_18x_8.vcf.gz	2068213	98.23914	0	0.00000	2456	0.11893	5.00082	3913	1674138	2500003531
###hapcut2_v134_18x_9.vcf.gz	2066506	98.15806	0	0.00000	2325	0.11268	5.16704	3951	1602659	2496218711
###hapcut2_v134_20x_10.vcf.gz	2076205	98.61876	0	0.00000	2406	0.11606	4.65989	3858	1654096	2500006253
###hapcut2_v134_20x_1.vcf.gz	2076343	98.62532	0	0.00000	2292	0.11055	3.78780	3883	1666861	2498691054
###hapcut2_v134_20x_2.vcf.gz	2076507	98.63311	0	0.00000	2340	0.11286	4.04405	3911	1639614	2496048243
###hapcut2_v134_20x_3.vcf.gz	2077653	98.68754	0	0.00000	2368	0.11414	4.28936	3842	1685391	2499270880
###hapcut2_v134_20x_4.vcf.gz	2076180	98.61757	0	0.00000	2371	0.11437	4.14815	3909	1672337	2497330491
###hapcut2_v134_20x_5.vcf.gz	2076046	98.61121	0	0.00000	2305	0.11120	4.52487	3878	1679975	2496503463
###hapcut2_v134_20x_6.vcf.gz	2076067	98.61221	0	0.00000	2316	0.11173	3.66047	3929	1643786	2496868409
###hapcut2_v134_20x_7.vcf.gz	2077159	98.66408	0	0.00000	2338	0.11272	3.63783	3783	1649709	2498638691
###hapcut2_v134_20x_8.vcf.gz	2077649	98.68735	0	0.00000	2404	0.11588	3.90917	3849	1653464	2498603659
###hapcut2_v134_20x_9.vcf.gz	2075667	98.59321	0	0.00000	2317	0.11180	4.26926	3881	1693790	2497970394
###hapcut2_v134_30x_1.vcf.gz	2090693	99.30693	0	0.00000	2202	0.10546	2.46071	3482	1886905	2515385610
###hapcut2_v134_40x_1.vcf.gz	2094256	99.47618	0	0.00000	2171	0.10378	2.71838	3203	2163966	2531935879
###hapcut2_v134_50x_1.vcf.gz	2095584	99.53925	0	0.00000	2133	0.10189	2.03359	3034	2461512	2543997838
###hapcut2_v134_60x_1.vcf.gz	2095967	99.55745	0	0.00000	2088	0.09971	2.01528	2911	2724972	2553964462
###longphase_coh_indel_gnn_10x_10.vcf	1771491	84.14499	142844	45.32888	1997	0.11307	7.01385	6330	966452	2496480751
###longphase_coh_indel_gnn_10x_1.vcf	1771901	84.16446	143136	45.42154	1981	0.11214	6.63876	6400	978035	2491509154
###longphase_coh_indel_gnn_10x_2.vcf	1772944	84.21401	143000	45.37839	1960	0.11088	7.12662	6326	987155	2491719424
###longphase_coh_indel_gnn_10x_3.vcf	1773609	84.24559	143283	45.46819	1951	0.11033	7.43033	6350	960439	2504264928
###longphase_coh_indel_gnn_10x_4.vcf	1769969	84.07270	142859	45.33364	2001	0.11339	6.19372	6369	947057	2493048143
###longphase_coh_indel_gnn_10x_5.vcf	1767037	83.93343	142498	45.21909	1935	0.10984	6.05211	6418	937383	2485651183
###longphase_coh_indel_gnn_10x_6.vcf	1771734	84.15653	143168	45.43170	1999	0.11316	7.27053	6363	986796	2483465404
###longphase_coh_indel_gnn_10x_7.vcf	1773354	84.23348	142849	45.33047	1948	0.11018	6.88308	6415	942398	2491879503
###longphase_coh_indel_gnn_10x_8.vcf	1773943	84.26146	142919	45.35268	1960	0.11082	6.78514	6347	994995	2487408611
###longphase_coh_indel_gnn_10x_9.vcf	1770497	84.09777	142698	45.28255	1985	0.11245	6.62601	6351	977891	2488682558
###longphase_coh_indel_gnn_12x_10.vcf	1921488	91.26978	162422	51.54160	1945	0.10144	6.87940	5239	1305737	2556657053
###longphase_coh_indel_gnn_12x_1.vcf	1922584	91.32184	162334	51.51367	1965	0.10243	7.21280	5168	1285493	2542268652
###longphase_coh_indel_gnn_12x_2.vcf	1921924	91.29049	162496	51.56508	1938	0.10106	6.74588	5270	1329687	2559501871
###longphase_coh_indel_gnn_12x_3.vcf	1921455	91.26821	162241	51.48416	1905	0.09936	7.47990	5191	1309497	2554991383
###longphase_coh_indel_gnn_12x_4.vcf	1920901	91.24189	162382	51.52890	1936	0.10101	6.63631	5247	1318475	2550165917
###longphase_coh_indel_gnn_12x_5.vcf	1920556	91.22551	162234	51.48194	1864	0.09727	7.38506	5325	1286007	2544656537
###longphase_coh_indel_gnn_12x_6.vcf	1923046	91.34378	162428	51.54350	1908	0.09944	7.24730	5292	1249195	2534661167
###longphase_coh_indel_gnn_12x_7.vcf	1921110	91.25182	162215	51.47591	1995	0.10407	6.64418	5207	1299713	2558161262
###longphase_coh_indel_gnn_12x_8.vcf	1920319	91.21425	162194	51.46924	1891	0.09869	7.29981	5238	1279894	2546680279
###longphase_coh_indel_gnn_12x_9.vcf	1922765	91.33043	162561	51.58570	1904	0.09924	6.71716	5219	1309112	2552665294
###longphase_coh_indel_gnn_14x_10.vcf	1998000	94.90406	174281	55.30483	1843	0.09241	6.70093	4693	1522831	2583233437
###longphase_coh_indel_gnn_14x_1.vcf	1996533	94.83438	174766	55.45873	1872	0.09394	6.83610	4728	1519388	2575900819
###longphase_coh_indel_gnn_14x_2.vcf	1999689	94.98429	174592	55.40352	1874	0.09389	6.62860	4698	1516461	2578475344
###longphase_coh_indel_gnn_14x_3.vcf	1999643	94.98210	174645	55.42034	1815	0.09093	6.36412	4637	1572709	2579012317
###longphase_coh_indel_gnn_14x_4.vcf	1997957	94.90202	174577	55.39876	1846	0.09256	7.07923	4610	1565414	2583174493
###longphase_coh_indel_gnn_14x_5.vcf	1998118	94.90967	174728	55.44668	1871	0.09381	7.14567	4601	1556336	2578817195
###longphase_coh_indel_gnn_14x_6.vcf	1996252	94.82103	174224	55.28674	1839	0.09229	6.67910	4668	1558491	2580311831
###longphase_coh_indel_gnn_14x_7.vcf	1997613	94.88568	174473	55.36576	1836	0.09208	6.57767	4669	1541268	2568572851
###longphase_coh_indel_gnn_14x_8.vcf	1996448	94.83034	174169	55.26929	1810	0.09082	6.91454	4615	1534389	2579557126
###longphase_coh_indel_gnn_14x_9.vcf	1997700	94.88981	174592	55.40352	1870	0.09378	6.42835	4654	1528941	2564404187
###longphase_coh_indel_gnn_16x_10.vcf	2036611	96.73806	182737	57.98818	1829	0.08995	6.60364	4295	1687058	2572241608
###longphase_coh_indel_gnn_16x_1.vcf	2036640	96.73944	182767	57.99770	1837	0.09034	6.34069	4260	1701535	2553783757
###longphase_coh_indel_gnn_16x_2.vcf	2036283	96.72248	182660	57.96375	1821	0.08957	6.10621	4278	1695199	2590172000
###longphase_coh_indel_gnn_16x_3.vcf	2034776	96.65090	182600	57.94471	1799	0.08855	6.41628	4270	1675839	2601855931
###longphase_coh_indel_gnn_16x_4.vcf	2035671	96.69342	182712	57.98025	1842	0.09063	6.24999	4235	1748425	2593700150
###longphase_coh_indel_gnn_16x_5.vcf	2037029	96.75792	182948	58.05514	1803	0.08865	5.88291	4296	1693249	2588774495
###longphase_coh_indel_gnn_16x_6.vcf	2035979	96.70805	182922	58.04689	1807	0.08890	6.37389	4225	1753616	2574488335
###longphase_coh_indel_gnn_16x_7.vcf	2036124	96.71493	182614	57.94915	1870	0.09199	6.66481	4284	1720174	2583993581
###longphase_coh_indel_gnn_16x_8.vcf	2035793	96.69921	182866	58.02912	1837	0.09038	6.08030	4302	1753138	2606916621
###longphase_coh_indel_gnn_16x_9.vcf	2037657	96.78775	182924	58.04752	1827	0.08981	6.50213	4265	1732432	2598205606
###longphase_coh_indel_gnn_18x_10.vcf	2056875	97.70060	188833	59.92263	1819	0.08856	5.84412	3973	1840022	2587892624
###longphase_coh_indel_gnn_18x_1.vcf	2056526	97.68402	188739	59.89281	1830	0.08912	5.59947	4045	1870300	2596759095
###longphase_coh_indel_gnn_18x_2.vcf	2057212	97.71660	188632	59.85885	1844	0.08977	6.21768	4019	1883864	2597506220
###longphase_coh_indel_gnn_18x_3.vcf	2056626	97.68877	188549	59.83251	1840	0.08960	5.87373	3932	1880480	2583234233
###longphase_coh_indel_gnn_18x_4.vcf	2057764	97.74282	188799	59.91185	1827	0.08892	5.84683	4050	1891194	2585148738
###longphase_coh_indel_gnn_18x_5.vcf	2056328	97.67461	188653	59.86551	1729	0.08421	6.03115	4096	1817212	2592432061
###longphase_coh_indel_gnn_18x_6.vcf	2057371	97.72416	188830	59.92168	1788	0.08704	4.92337	4066	1824273	2587044114
###longphase_coh_indel_gnn_18x_7.vcf	2057332	97.72230	188775	59.90423	1821	0.08864	6.07643	3996	1898361	2584464445
###longphase_coh_indel_gnn_18x_8.vcf	2057223	97.71713	188856	59.92993	1851	0.09011	5.69152	4012	1870155	2584032728
###longphase_coh_indel_gnn_18x_9.vcf	2056824	97.69817	189095	60.00578	1787	0.08701	5.85332	4009	1857113	2590056661
###longphase_coh_indel_gnn_20x_10.vcf	2066677	98.16619	193210	61.31159	1886	0.09138	5.61950	3804	1938446	2605597086
###longphase_coh_indel_gnn_20x_1.vcf	2066921	98.17778	193005	61.24654	1813	0.08783	6.10725	3831	2062428	2576337565
###longphase_coh_indel_gnn_20x_2.vcf	2067496	98.20509	192742	61.16308	1809	0.08762	6.48748	3862	2017547	2589909877
###longphase_coh_indel_gnn_20x_3.vcf	2067740	98.21668	193035	61.25606	1791	0.08673	5.37644	3762	1969335	2600472468
###longphase_coh_indel_gnn_20x_4.vcf	2067118	98.18713	193195	61.30683	1778	0.08613	5.62505	3821	2027817	2599399772
###longphase_coh_indel_gnn_20x_5.vcf	2066981	98.18063	192953	61.23004	1788	0.08662	5.56410	3852	2002730	2586042029
###longphase_coh_indel_gnn_20x_6.vcf	2067323	98.19687	193141	61.28970	1804	0.08738	6.34944	3893	2009790	2597832739
###longphase_coh_indel_gnn_20x_7.vcf	2067932	98.22580	192904	61.21449	1806	0.08745	5.29228	3801	1905945	2574628404
###longphase_coh_indel_gnn_20x_8.vcf	2067598	98.20993	192994	61.24305	1791	0.08674	5.41732	3791	2035963	2610230249
###longphase_coh_indel_gnn_20x_9.vcf	2066491	98.15735	193064	61.26526	1807	0.08756	5.70429	3871	2088253	2615340137
###longphase_coh_indel_gnn_30x_1.vcf	2082062	98.89697	204316	64.83588	1777	0.08544	4.72478	3275	2444453	2615925521
###longphase_coh_indel_gnn_40x_1.vcf	2084363	99.00626	209104	66.35526	1758	0.08442	4.22460	2965	2864646	2621819289
###longphase_coh_indel_gnn_50x_1.vcf	2083092	98.94589	211896	67.24125	1752	0.08417	3.13379	2766	3189380	2669442305
###longphase_coh_indel_gnn_60x_1.vcf	2081944	98.89136	213331	67.69662	1765	0.08484	3.52642	2590	3693798	2653401903
###longphase_coh_indel_sv_gnn_10x_10.vcf	1771406	84.14095	142832	45.32507	1987	0.11251	6.80430	6318	972605	2496606759
###longphase_coh_indel_sv_gnn_10x_1.vcf	1771680	84.15397	143105	45.41171	1987	0.11249	6.73165	6346	994345	2497793390
###longphase_coh_indel_sv_gnn_10x_2.vcf	1772830	84.20859	143001	45.37870	1962	0.11100	7.21285	6316	990137	2493136192
###longphase_coh_indel_sv_gnn_10x_3.vcf	1773508	84.24080	143268	45.46343	1941	0.10977	7.25355	6332	961752	2508209154
###longphase_coh_indel_sv_gnn_10x_4.vcf	1770023	84.07526	142859	45.33364	2014	0.11412	6.35250	6311	963509	2495506761
###longphase_coh_indel_sv_gnn_10x_5.vcf	1766944	83.92901	142506	45.22162	1955	0.11098	6.04254	6379	943933	2489686445
###longphase_coh_indel_sv_gnn_10x_6.vcf	1771627	84.15145	143154	45.42725	1990	0.11266	7.32579	6355	986796	2483573320
###longphase_coh_indel_sv_gnn_10x_7.vcf	1773234	84.22778	142829	45.32412	1960	0.11087	7.00045	6375	956004	2494501582
###longphase_coh_indel_sv_gnn_10x_8.vcf	1773808	84.25505	142929	45.35586	1970	0.11139	6.80064	6300	1000219	2492885490
###longphase_coh_indel_sv_gnn_10x_9.vcf	1770354	84.09098	142713	45.28731	2007	0.11371	6.61249	6330	987403	2493060755
###longphase_coh_indel_sv_gnn_12x_10.vcf	1921372	91.26427	162436	51.54604	1958	0.10213	6.97665	5185	1304587	2558452974
###longphase_coh_indel_sv_gnn_12x_1.vcf	1922385	91.31238	162320	51.50923	1961	0.10223	7.22175	5179	1284983	2543051532
###longphase_coh_indel_sv_gnn_12x_2.vcf	1921773	91.28331	162494	51.56444	1938	0.10106	6.74326	5225	1332101	2562157677
###longphase_coh_indel_sv_gnn_12x_3.vcf	1921362	91.26379	162217	51.47654	1898	0.09900	7.28944	5167	1301655	2535283600
###longphase_coh_indel_sv_gnn_12x_4.vcf	1920713	91.23296	162374	51.52636	1931	0.10076	6.54311	5238	1321375	2558127267
###longphase_coh_indel_sv_gnn_12x_5.vcf	1920386	91.21743	162221	51.47781	1874	0.09780	7.71118	5283	1297616	2548933902
###longphase_coh_indel_sv_gnn_12x_6.vcf	1922981	91.34069	162411	51.53811	1924	0.10027	7.37994	5242	1257626	2536544923
###longphase_coh_indel_sv_gnn_12x_7.vcf	1920957	91.24455	162197	51.47020	1992	0.10393	6.79817	5189	1304879	2562546753
###longphase_coh_indel_sv_gnn_12x_8.vcf	1920202	91.20869	162162	51.45909	1902	0.09927	7.33881	5219	1286635	2554422435
###longphase_coh_indel_sv_gnn_12x_9.vcf	1922723	91.32844	162590	51.59491	1910	0.09955	6.72472	5198	1309749	2550757923
###longphase_coh_indel_sv_gnn_14x_10.vcf	1997934	94.90093	174295	55.30927	1846	0.09257	6.77206	4675	1535813	2587904106
###longphase_coh_indel_sv_gnn_14x_1.vcf	1996466	94.83120	174771	55.46032	1875	0.09409	7.02223	4706	1529023	2580252235
###longphase_coh_indel_sv_gnn_14x_2.vcf	1999502	94.97540	174573	55.39749	1873	0.09384	6.69660	4665	1520509	2578632890
###longphase_coh_indel_sv_gnn_14x_3.vcf	1999549	94.97764	174620	55.41240	1828	0.09159	6.64307	4625	1573624	2584548846
###longphase_coh_indel_sv_gnn_14x_4.vcf	1997820	94.89551	174558	55.39273	1849	0.09272	7.11681	4589	1574969	2578666872
###longphase_coh_indel_sv_gnn_14x_5.vcf	1997988	94.90349	174727	55.44636	1882	0.09436	7.40319	4579	1559670	2583941776
###longphase_coh_indel_sv_gnn_14x_6.vcf	1996181	94.81766	174227	55.28769	1852	0.09295	6.87634	4634	1563987	2584448161
###longphase_coh_indel_sv_gnn_14x_7.vcf	1997538	94.88212	174471	55.36512	1842	0.09238	6.53616	4653	1542367	2567346636
###longphase_coh_indel_sv_gnn_14x_8.vcf	1996307	94.82364	174188	55.27532	1803	0.09048	6.96770	4584	1543648	2584240529
###longphase_coh_indel_sv_gnn_14x_9.vcf	1997574	94.88383	174586	55.40161	1875	0.09403	6.57180	4627	1541268	2571757417
###longphase_coh_indel_sv_gnn_16x_10.vcf	2036495	96.73255	182740	57.98913	1845	0.09074	6.34547	4287	1687029	2577945379
###longphase_coh_indel_sv_gnn_16x_1.vcf	2036503	96.73293	182768	57.99802	1836	0.09030	6.49503	4244	1722709	2574713409
###longphase_coh_indel_sv_gnn_16x_2.vcf	2036083	96.71299	182652	57.96121	1833	0.09017	6.38259	4263	1689772	2573637358
###longphase_coh_indel_sv_gnn_16x_3.vcf	2034711	96.64782	182591	57.94185	1805	0.08885	6.58953	4251	1684023	2606633890
###longphase_coh_indel_sv_gnn_16x_4.vcf	2035556	96.68795	182705	57.97803	1837	0.09039	6.23210	4202	1754203	2592284701
###longphase_coh_indel_sv_gnn_16x_5.vcf	2036882	96.75094	182933	58.05038	1806	0.08881	5.67014	4282	1715130	2608755056
###longphase_coh_indel_sv_gnn_16x_6.vcf	2035826	96.70078	182903	58.04086	1824	0.08974	6.30685	4202	1780146	2595611048
###longphase_coh_indel_sv_gnn_16x_7.vcf	2035950	96.70667	182607	57.94693	1881	0.09254	6.68894	4233	1734407	2584309675
###longphase_coh_indel_sv_gnn_16x_8.vcf	2035613	96.69066	182846	58.02277	1834	0.09024	6.07258	4276	1758537	2610911694
###longphase_coh_indel_sv_gnn_16x_9.vcf	2037569	96.78357	182911	58.04340	1836	0.09025	6.59583	4215	1735552	2596068972
###longphase_coh_indel_sv_gnn_18x_10.vcf	2056756	97.69494	188828	59.92105	1824	0.08881	5.97808	3954	1846603	2599159581
###longphase_coh_indel_sv_gnn_18x_1.vcf	2056470	97.68136	188724	59.88805	1834	0.08931	5.51284	4035	1878629	2606417244
###longphase_coh_indel_sv_gnn_18x_2.vcf	2057054	97.70910	188643	59.86234	1846	0.08987	6.42034	3987	1877692	2594793976
###longphase_coh_indel_sv_gnn_18x_3.vcf	2056497	97.68264	188530	59.82648	1845	0.08984	5.83875	3901	1917225	2602908920
###longphase_coh_indel_sv_gnn_18x_4.vcf	2057658	97.73779	188780	59.90582	1822	0.08868	5.68855	4046	1888461	2588778648
###longphase_coh_indel_sv_gnn_18x_5.vcf	2056180	97.66758	188657	59.86678	1737	0.08460	6.11775	4062	1828505	2582635462
###longphase_coh_indel_sv_gnn_18x_6.vcf	2057147	97.71352	188806	59.91407	1777	0.08651	5.10823	4044	1824273	2570157951
###longphase_coh_indel_sv_gnn_18x_7.vcf	2057242	97.71803	188774	59.90391	1841	0.08962	6.45970	3955	1920302	2587181877
###longphase_coh_indel_sv_gnn_18x_8.vcf	2057096	97.71109	188821	59.91883	1853	0.09021	5.86946	3971	1887371	2585479919
###longphase_coh_indel_sv_gnn_18x_9.vcf	2056792	97.69665	189074	59.99911	1798	0.08754	6.10093	3967	1882705	2593246425
###longphase_coh_indel_sv_gnn_20x_10.vcf	2066541	98.15973	193176	61.30080	1891	0.09163	6.18367	3782	1990981	2609104347
###longphase_coh_indel_sv_gnn_20x_1.vcf	2066787	98.17141	192985	61.24019	1809	0.08765	6.33143	3818	2097177	2600209159
###longphase_coh_indel_sv_gnn_20x_2.vcf	2067415	98.20124	192724	61.15737	1813	0.08781	7.00836	3836	2059142	2606761943
###longphase_coh_indel_sv_gnn_20x_3.vcf	2067596	98.20984	193011	61.24845	1788	0.08659	5.84939	3753	1975384	2598752366
###longphase_coh_indel_sv_gnn_20x_4.vcf	2066974	98.18029	193176	61.30080	1770	0.08575	5.74625	3810	2051978	2600825736
###longphase_coh_indel_sv_gnn_20x_5.vcf	2066902	98.17687	192953	61.23004	1783	0.08638	5.64498	3827	2069365	2600478378
###longphase_coh_indel_sv_gnn_20x_6.vcf	2067188	98.19046	193136	61.28811	1806	0.08748	6.66029	3877	2027817	2599604435
###longphase_coh_indel_sv_gnn_20x_7.vcf	2067819	98.22043	192885	61.20846	1810	0.08765	5.33148	3767	1943408	2594281238
###longphase_coh_indel_sv_gnn_20x_8.vcf	2067562	98.20822	192997	61.24400	1794	0.08688	5.68619	3773	2036876	2605867031
###longphase_coh_indel_sv_gnn_20x_9.vcf	2066325	98.14947	193067	61.26622	1795	0.08699	5.96112	3872	2099389	2615760819
###longphase_coh_indel_sv_gnn_30x_1.vcf	2081934	98.89089	204317	64.83619	1778	0.08549	4.98479	3250	2421100	2615859931
###longphase_coh_indel_sv_gnn_40x_1.vcf	2084299	99.00322	209088	66.35018	1767	0.08485	4.19867	2943	2978556	2645531230
###longphase_coh_indel_sv_gnn_50x_1.vcf	2083030	98.94295	211887	67.23839	1760	0.08456	3.28685	2747	3216803	2666291027
###longphase_coh_indel_sv_gnn_60x_1.vcf	2081938	98.89108	213332	67.69694	1772	0.08517	3.50159	2566	3703063	2661327339
###longphase_gnn_10x_10.vcf	1773360	84.23377	0	0.00000	1831	0.10360	5.59824	7156	833931	2431151905
###longphase_gnn_10x_1.vcf	1773525	84.24160	0	0.00000	1829	0.10348	5.25199	7167	840759	2412686945
###longphase_gnn_10x_2.vcf	1774923	84.30801	0	0.00000	1786	0.10096	5.32688	7126	843790	2427039489
###longphase_gnn_10x_3.vcf	1775762	84.34786	0	0.00000	1828	0.10328	5.61848	7081	842502	2430792606
###longphase_gnn_10x_4.vcf	1771561	84.14831	0	0.00000	1834	0.10387	4.91177	7150	841226	2407944827
###longphase_gnn_10x_5.vcf	1769057	84.02938	0	0.00000	1834	0.10403	4.95868	7156	826916	2427503690
###longphase_gnn_10x_6.vcf	1773404	84.23586	0	0.00000	1841	0.10416	5.24878	7145	850285	2428425345
###longphase_gnn_10x_7.vcf	1775121	84.31741	0	0.00000	1766	0.09982	5.36724	7170	831319	2434021037
###longphase_gnn_10x_8.vcf	1776026	84.36040	0	0.00000	1844	0.10418	5.45963	7105	853387	2424535927
###longphase_gnn_10x_9.vcf	1772493	84.19258	0	0.00000	1806	0.10223	5.22375	7171	852846	2430933975
###longphase_gnn_12x_10.vcf	1923496	91.36516	0	0.00000	1821	0.09491	5.44137	5996	1120119	2472161360
###longphase_gnn_12x_1.vcf	1924508	91.41323	0	0.00000	1850	0.09637	6.00582	5873	1117464	2451759737
###longphase_gnn_12x_2.vcf	1923527	91.36663	0	0.00000	1820	0.09485	5.49363	5967	1100717	2477473496
###longphase_gnn_12x_3.vcf	1923863	91.38259	0	0.00000	1818	0.09473	5.76358	5843	1122502	2489982649
###longphase_gnn_12x_4.vcf	1922834	91.33371	0	0.00000	1825	0.09515	5.21832	5899	1108066	2483067563
###longphase_gnn_12x_5.vcf	1922577	91.32150	0	0.00000	1758	0.09167	5.52408	5909	1111879	2478085029
###longphase_gnn_12x_6.vcf	1924924	91.43298	0	0.00000	1805	0.09401	4.84254	5943	1062835	2468843692
###longphase_gnn_12x_7.vcf	1922804	91.33229	0	0.00000	1831	0.09546	4.80663	5930	1093392	2482303276
###longphase_gnn_12x_8.vcf	1922065	91.29718	0	0.00000	1757	0.09164	5.35916	5963	1092640	2474664226
###longphase_gnn_12x_9.vcf	1924420	91.40905	0	0.00000	1754	0.09137	5.20489	5847	1111606	2477920668
###longphase_gnn_14x_10.vcf	1999965	94.99740	0	0.00000	1695	0.08493	4.76250	5311	1286730	2495094872
###longphase_gnn_14x_1.vcf	1998079	94.90781	0	0.00000	1734	0.08697	5.72425	5325	1271694	2489232740
###longphase_gnn_14x_2.vcf	2001479	95.06931	0	0.00000	1751	0.08767	4.62956	5373	1238820	2491207300
###longphase_gnn_14x_3.vcf	2001530	95.07173	0	0.00000	1730	0.08662	4.41637	5316	1273623	2497157551
###longphase_gnn_14x_4.vcf	1999831	94.99103	0	0.00000	1764	0.08839	4.83779	5248	1305915	2483800410
###longphase_gnn_14x_5.vcf	2000138	95.00561	0	0.00000	1771	0.08872	5.61014	5182	1326039	2498141783
###longphase_gnn_14x_6.vcf	1998172	94.91223	0	0.00000	1711	0.08581	4.69191	5297	1316229	2502312448
###longphase_gnn_14x_7.vcf	1999480	94.97436	0	0.00000	1712	0.08580	3.93182	5275	1295712	2493006093
###longphase_gnn_14x_8.vcf	1998305	94.91855	0	0.00000	1703	0.08540	5.34393	5219	1300794	2505229080
###longphase_gnn_14x_9.vcf	1999415	94.97127	0	0.00000	1751	0.08776	4.76853	5289	1283124	2493022546
###longphase_gnn_16x_10.vcf	2038083	96.80798	0	0.00000	1675	0.08234	4.44488	4916	1477139	2509406476
###longphase_gnn_16x_1.vcf	2038333	96.81986	0	0.00000	1680	0.08258	4.35487	4943	1429082	2491593556
###longphase_gnn_16x_2.vcf	2037799	96.79449	0	0.00000	1708	0.08397	4.22715	4890	1451901	2509408921
###longphase_gnn_16x_3.vcf	2036813	96.74766	0	0.00000	1658	0.08155	3.64944	4892	1419308	2509019354
###longphase_gnn_16x_4.vcf	2037440	96.77744	0	0.00000	1698	0.08349	4.22737	4863	1417330	2509887577
###longphase_gnn_16x_5.vcf	2038823	96.84313	0	0.00000	1685	0.08280	4.26088	4867	1445227	2506330860
###longphase_gnn_16x_6.vcf	2037819	96.79544	0	0.00000	1719	0.08451	3.90998	4775	1493083	2508109191
###longphase_gnn_16x_7.vcf	2038026	96.80528	0	0.00000	1727	0.08490	4.28736	4875	1419180	2510199620
###longphase_gnn_16x_8.vcf	2037708	96.79017	0	0.00000	1723	0.08471	4.19719	4857	1411680	2507337181
###longphase_gnn_16x_9.vcf	2039082	96.85544	0	0.00000	1717	0.08436	3.88070	4871	1419976	2519542027
###longphase_gnn_18x_10.vcf	2058223	97.76462	0	0.00000	1664	0.08099	3.64964	4634	1517392	2516646591
###longphase_gnn_18x_1.vcf	2058043	97.75607	0	0.00000	1685	0.08201	3.70768	4587	1516788	2523118399
###longphase_gnn_18x_2.vcf	2058612	97.78310	0	0.00000	1679	0.08170	3.37914	4618	1540115	2520899136
###longphase_gnn_18x_3.vcf	2058199	97.76348	0	0.00000	1663	0.08094	4.11412	4528	1557183	2521577034
###longphase_gnn_18x_4.vcf	2059200	97.81103	0	0.00000	1695	0.08245	3.52194	4672	1552023	2516705095
###longphase_gnn_18x_5.vcf	2057789	97.74401	0	0.00000	1625	0.07911	3.28203	4717	1464075	2514499042
###longphase_gnn_18x_6.vcf	2058975	97.80034	0	0.00000	1668	0.08115	3.54640	4607	1526754	2516898959
###longphase_gnn_18x_7.vcf	2058815	97.79274	0	0.00000	1699	0.08266	3.42990	4529	1553635	2517700726
###longphase_gnn_18x_8.vcf	2058680	97.78633	0	0.00000	1693	0.08238	3.90474	4585	1536709	2520619313
###longphase_gnn_18x_9.vcf	2058268	97.76676	0	0.00000	1641	0.07986	3.30924	4601	1555580	2507021175
###longphase_gnn_20x_10.vcf	2068298	98.24318	0	0.00000	1720	0.08329	3.22914	4328	1611629	2529012143
###longphase_gnn_20x_1.vcf	2068444	98.25012	0	0.00000	1680	0.08135	3.03980	4437	1590655	2518348259
###longphase_gnn_20x_2.vcf	2068971	98.27515	0	0.00000	1626	0.07872	3.36412	4456	1582193	2498757260
###longphase_gnn_20x_3.vcf	2069333	98.29234	0	0.00000	1611	0.07798	2.89846	4374	1611629	2524260062
###longphase_gnn_20x_4.vcf	2068432	98.24955	0	0.00000	1636	0.07922	3.32329	4395	1643432	2520554074
###longphase_gnn_20x_5.vcf	2068591	98.25710	0	0.00000	1655	0.08013	3.87161	4378	1619932	2501084414
###longphase_gnn_20x_6.vcf	2068479	98.25178	0	0.00000	1666	0.08067	3.14787	4468	1613592	2542460024
###longphase_gnn_20x_7.vcf	2069251	98.28845	0	0.00000	1665	0.08059	2.94127	4360	1607195	2524249996
###longphase_gnn_20x_8.vcf	2068872	98.27045	0	0.00000	1639	0.07935	2.84115	4420	1601915	2525859036
###longphase_gnn_20x_9.vcf	2068089	98.23325	0	0.00000	1659	0.08035	2.56815	4440	1634465	2525714171
###longphase_gnn_30x_1.vcf	2082981	98.94062	0	0.00000	1635	0.07859	1.79919	3793	1920081	2543728279
###longphase_gnn_40x_1.vcf	2085304	99.05096	0	0.00000	1663	0.07984	1.63739	3411	2177620	2565716990
###longphase_gnn_50x_1.vcf	2084234	99.00013	0	0.00000	1669	0.08016	1.42639	3198	2512910	2605347327
###longphase_gnn_60x_1.vcf	2082902	98.93687	0	0.00000	1676	0.08054	1.53681	3018	2864135	2611048303
###whatshap_v28_10x_10.vcf	1785983	84.83335	152195	48.29625	3502	0.19651	12.48340	4631	1241531	2544280293
###whatshap_v28_10x_1.vcf	1786667	84.86584	152452	48.37780	3551	0.19918	12.26108	4613	1280777	2542845954
###whatshap_v28_10x_2.vcf	1787558	84.90816	152398	48.36067	3489	0.19561	11.85322	4700	1225479	2540096377
###whatshap_v28_10x_3.vcf	1788534	84.95452	152673	48.44793	3556	0.19925	12.47406	4607	1226952	2544032605
###whatshap_v28_10x_4.vcf	1784871	84.78053	152269	48.31973	3515	0.19736	11.77636	4640	1230957	2541448124
###whatshap_v28_10x_5.vcf	1781996	84.64397	152020	48.24071	3651	0.20533	11.64357	4686	1221946	2542256708
###whatshap_v28_10x_6.vcf	1785944	84.83150	152382	48.35559	3510	0.19697	12.15489	4732	1247682	2541612594
###whatshap_v28_10x_7.vcf	1787981	84.92826	152200	48.29783	3500	0.19618	11.91350	4671	1206661	2541061313
###whatshap_v28_10x_8.vcf	1788979	84.97566	152372	48.35242	3536	0.19808	12.00114	4576	1247746	2542043439
###whatshap_v28_10x_9.vcf	1785035	84.78832	152166	48.28705	3569	0.20037	11.48304	4592	1285743	2542872699
###whatshap_v28_12x_10.vcf	1935240	91.92299	173160	54.94910	3317	0.17166	13.09764	3646	1716806	2571178497
###whatshap_v28_12x_1.vcf	1936117	91.96465	173157	54.94815	3393	0.17551	13.46540	3662	1774409	2569255170
###whatshap_v28_12x_2.vcf	1935137	91.91810	173029	54.90753	3414	0.17668	13.08901	3650	1724560	2571328561
###whatshap_v28_12x_3.vcf	1934504	91.88803	172850	54.85073	3336	0.17270	14.27466	3564	1791078	2573923138
###whatshap_v28_12x_4.vcf	1933828	91.85592	173122	54.93704	3327	0.17230	13.33458	3677	1694887	2570488720
###whatshap_v28_12x_5.vcf	1933982	91.86324	172923	54.87389	3299	0.17084	13.45472	3666	1715461	2570989163
###whatshap_v28_12x_6.vcf	1936108	91.96422	173239	54.97417	3275	0.16941	13.01926	3715	1677839	2568503670
###whatshap_v28_12x_7.vcf	1934442	91.88509	172887	54.86247	3292	0.17043	13.32772	3674	1688686	2572156984
###whatshap_v28_12x_8.vcf	1933574	91.84386	172875	54.85866	3286	0.17020	12.69140	3698	1641668	2569434419
###whatshap_v28_12x_9.vcf	1936007	91.95942	173253	54.97861	3273	0.16931	12.89382	3661	1713204	2570742988
###whatshap_v28_14x_10.vcf	2009325	95.44199	185963	59.01189	3021	0.15054	12.68194	3315	1983004	2576868033
###whatshap_v28_14x_1.vcf	2008151	95.38623	186189	59.08361	3106	0.15486	13.60883	3231	2077228	2581488496
###whatshap_v28_14x_2.vcf	2011696	95.55461	186233	59.09757	3016	0.15011	12.50133	3300	2049541	2578102915
###whatshap_v28_14x_3.vcf	2011117	95.52711	186015	59.02839	3053	0.15199	13.09522	3272	2045541	2578366451
###whatshap_v28_14x_4.vcf	2010013	95.47467	186091	59.05251	3117	0.15526	13.48105	3156	2175715	2581470391
###whatshap_v28_14x_5.vcf	2010173	95.48227	186184	59.08202	3068	0.15281	14.08511	3227	2060503	2580084069
###whatshap_v28_14x_6.vcf	2007960	95.37716	185881	58.98587	3027	0.15094	12.77764	3269	2078535	2577533488
###whatshap_v28_14x_7.vcf	2009619	95.45596	185995	59.02205	3110	0.15495	12.96399	3259	2052124	2577004706
###whatshap_v28_14x_8.vcf	2008518	95.40366	185801	58.96049	3030	0.15104	13.21165	3258	1996971	2576654684
###whatshap_v28_14x_9.vcf	2009349	95.44313	186159	59.07409	3051	0.15203	13.63890	3259	2080465	2578881143
###whatshap_v28_16x_10.vcf	2046602	97.21263	195029	61.88882	2817	0.13780	13.70179	3082	2289252	2579591943
###whatshap_v28_16x_1.vcf	2047158	97.23904	194986	61.87517	2781	0.13600	11.76526	3164	2206707	2578691799
###whatshap_v28_16x_2.vcf	2046362	97.20123	195121	61.91801	2819	0.13791	12.80049	3027	2254073	2579691583
###whatshap_v28_16x_3.vcf	2045690	97.16931	194696	61.78315	2828	0.13840	12.44148	3102	2122700	2581263164
###whatshap_v28_16x_4.vcf	2046368	97.20152	194994	61.87771	2823	0.13810	12.57832	3048	2231591	2584731452
###whatshap_v28_16x_5.vcf	2047841	97.27148	195192	61.94054	2809	0.13732	13.71020	3057	2278020	2580805291
###whatshap_v28_16x_6.vcf	2046433	97.20461	195121	61.91801	2879	0.14084	12.26317	3048	2332195	2581655983
###whatshap_v28_16x_7.vcf	2046800	97.22204	194907	61.85011	2834	0.13862	14.02551	3056	2269289	2581129405
###whatshap_v28_16x_8.vcf	2046625	97.21373	195174	61.93483	2840	0.13892	12.64945	3087	2304410	2579703290
###whatshap_v28_16x_9.vcf	2047984	97.27828	195148	61.92658	2827	0.13819	12.55751	3067	2221108	2582810839
###whatshap_v28_18x_10.vcf	2066152	98.14125	201785	64.03271	2695	0.13057	10.84293	2968	2364872	2580948837
###whatshap_v28_18x_1.vcf	2066394	98.15274	201727	64.01431	2648	0.12828	11.88156	3005	2365334	2581800827
###whatshap_v28_18x_2.vcf	2066886	98.17611	201505	63.94386	2714	0.13145	11.99198	3002	2356768	2580675135
###whatshap_v28_18x_3.vcf	2066643	98.16457	201522	63.94925	2697	0.13064	12.62354	2946	2517585	2583229342
###whatshap_v28_18x_4.vcf	2067365	98.19887	201988	64.09713	2705	0.13098	11.63830	2958	2501392	2582317394
###whatshap_v28_18x_5.vcf	2066466	98.15616	201662	63.99368	2646	0.12818	12.11765	3004	2369992	2580557765
###whatshap_v28_18x_6.vcf	2067369	98.19906	201737	64.01748	2650	0.12832	10.88706	3016	2327365	2581819554
###whatshap_v28_18x_7.vcf	2066825	98.17322	201610	63.97718	2665	0.12908	11.86449	2960	2363489	2582643591
###whatshap_v28_18x_8.vcf	2067257	98.19374	201866	64.05841	2703	0.13089	11.75296	2932	2436967	2583902814
###whatshap_v28_18x_9.vcf	2066763	98.17027	202100	64.13267	2680	0.12981	11.84124	2981	2416343	2581175313
###whatshap_v28_20x_10.vcf	2076405	98.62826	206904	65.65713	2615	0.12606	11.89570	2894	2475761	2583832872
###whatshap_v28_20x_1.vcf	2076577	98.63643	206544	65.54289	2548	0.12283	10.50926	2893	2416134	2582953951
###whatshap_v28_20x_2.vcf	2076756	98.64493	206291	65.46261	2606	0.12561	11.18368	2931	2443939	2580582050
###whatshap_v28_20x_3.vcf	2076765	98.64536	206810	65.62730	2559	0.12334	11.70227	2877	2425652	2583485040
###whatshap_v28_20x_4.vcf	2076384	98.62726	206683	65.58700	2569	0.12385	11.11335	2944	2564173	2581250409
###whatshap_v28_20x_5.vcf	2076280	98.62232	206588	65.55685	2617	0.12617	11.84433	2933	2491963	2580616245
###whatshap_v28_20x_6.vcf	2076296	98.62308	206988	65.68379	2623	0.12646	11.88183	2922	2517380	2581933412
###whatshap_v28_20x_7.vcf	2077375	98.67434	206616	65.56574	2530	0.12191	10.79006	2850	2504390	2581084359
###whatshap_v28_20x_8.vcf	2076786	98.64636	206689	65.58890	2565	0.12363	10.51303	2881	2495408	2581241139
###whatshap_v28_20x_9.vcf	2075935	98.60594	206602	65.56130	2572	0.12402	11.99256	2922	2543121	2582542738
###whatshap_v28_30x_1.vcf	2090869	99.31529	220299	69.90778	2345	0.11225	9.67387	2641	2980186	2592922935
###whatshap_v28_40x_1.vcf	2094387	99.48240	226774	71.96250	2221	0.10612	10.42811	2464	3390651	2603417646
###whatshap_v28_50x_1.vcf	2095701	99.54481	230457	73.13124	2171	0.10366	8.32451	2340	3677224	2613016549
###whatshap_v28_60x_1.vcf	2096076	99.56262	232526	73.78779	2156	0.10292	9.19808	2247	4195979	2621000165
###whatshap_v28_onlySNVs_10x_10.vcf	1785810	84.82514	0	0.00000	2789	0.15663	7.95180	5989	946058	2452407638
###whatshap_v28_onlySNVs_10x_1.vcf	1786482	84.85705	0	0.00000	2775	0.15578	7.56339	5933	959197	2451983774
###whatshap_v28_onlySNVs_10x_2.vcf	1787414	84.90132	0	0.00000	2700	0.15149	6.96008	5972	943828	2452709291
###whatshap_v28_onlySNVs_10x_3.vcf	1788363	84.94640	0	0.00000	2831	0.15876	8.03220	5905	937412	2454035576
###whatshap_v28_onlySNVs_10x_4.vcf	1784700	84.77241	0	0.00000	2752	0.15464	7.08320	5902	946764	2451705593
###whatshap_v28_onlySNVs_10x_5.vcf	1781800	84.63466	0	0.00000	2827	0.15913	7.06428	6029	932497	2450377340
###whatshap_v28_onlySNVs_10x_6.vcf	1785769	84.82319	0	0.00000	2814	0.15804	7.69032	5978	946317	2453854160
###whatshap_v28_onlySNVs_10x_7.vcf	1787813	84.92028	0	0.00000	2722	0.15270	7.53070	6034	921339	2450117745
###whatshap_v28_onlySNVs_10x_8.vcf	1788799	84.96711	0	0.00000	2797	0.15681	7.29293	5903	952893	2450548146
###whatshap_v28_onlySNVs_10x_9.vcf	1784849	84.77949	0	0.00000	2724	0.15306	7.24835	5958	963936	2451362935
###whatshap_v28_onlySNVs_12x_10.vcf	1935071	91.91496	0	0.00000	2559	0.13253	7.67959	4919	1258330	2482876390
###whatshap_v28_onlySNVs_12x_1.vcf	1935956	91.95700	0	0.00000	2668	0.13811	8.28445	4855	1264723	2483257596
###whatshap_v28_onlySNVs_12x_2.vcf	1934993	91.91126	0	0.00000	2627	0.13606	8.05041	4945	1223346	2482035386
###whatshap_v28_onlySNVs_12x_3.vcf	1934347	91.88057	0	0.00000	2630	0.13625	7.95557	4806	1248355	2487330788
###whatshap_v28_onlySNVs_12x_4.vcf	1933681	91.84894	0	0.00000	2599	0.13470	7.99090	4894	1245002	2483087296
###whatshap_v28_onlySNVs_12x_5.vcf	1933819	91.85549	0	0.00000	2550	0.13214	7.82007	4868	1269616	2485634218
###whatshap_v28_onlySNVs_12x_6.vcf	1935938	91.95614	0	0.00000	2533	0.13113	7.33545	4962	1189730	2480149348
###whatshap_v28_onlySNVs_12x_7.vcf	1934272	91.87701	0	0.00000	2580	0.13367	6.96379	4906	1230042	2484848220
###whatshap_v28_onlySNVs_12x_8.vcf	1933409	91.83602	0	0.00000	2595	0.13451	8.06463	4915	1211351	2484226445
###whatshap_v28_onlySNVs_12x_9.vcf	1935846	91.95177	0	0.00000	2554	0.13221	7.86358	4896	1225877	2483341327
###whatshap_v28_onlySNVs_14x_10.vcf	2009162	95.43425	0	0.00000	2283	0.11384	6.79117	4506	1406554	2487993934
###whatshap_v28_onlySNVs_14x_1.vcf	2007978	95.37801	0	0.00000	2360	0.11775	7.24460	4417	1424180	2491855895
###whatshap_v28_onlySNVs_14x_2.vcf	2011537	95.54706	0	0.00000	2356	0.11734	6.23146	4515	1355139	2488378739
###whatshap_v28_onlySNVs_14x_3.vcf	2010972	95.52022	0	0.00000	2330	0.11608	6.58600	4471	1404382	2491227732
###whatshap_v28_onlySNVs_14x_4.vcf	2009849	95.46688	0	0.00000	2421	0.12068	6.92003	4372	1434748	2493394424
###whatshap_v28_onlySNVs_14x_5.vcf	2010007	95.47439	0	0.00000	2393	0.11927	7.23277	4422	1425775	2490952677
###whatshap_v28_onlySNVs_14x_6.vcf	2007788	95.36899	0	0.00000	2323	0.11591	6.75647	4415	1436281	2492022868
###whatshap_v28_onlySNVs_14x_7.vcf	2009442	95.44755	0	0.00000	2409	0.12010	6.24099	4406	1418391	2490886409
###whatshap_v28_onlySNVs_14x_8.vcf	2008351	95.39573	0	0.00000	2331	0.11628	7.25388	4392	1409713	2491550816
###whatshap_v28_onlySNVs_14x_9.vcf	2009188	95.43549	0	0.00000	2354	0.11738	7.11891	4438	1417113	2491134304
###whatshap_v28_onlySNVs_16x_10.vcf	2046435	97.20470	0	0.00000	2167	0.10607	5.97558	4181	1539723	2491913443
###whatshap_v28_onlySNVs_16x_1.vcf	2047000	97.23154	0	0.00000	2177	0.10653	5.87556	4262	1538073	2493436399
###whatshap_v28_onlySNVs_16x_2.vcf	2046202	97.19363	0	0.00000	2225	0.10892	5.61382	4103	1560240	2495053104
###whatshap_v28_onlySNVs_16x_3.vcf	2045543	97.16233	0	0.00000	2175	0.10651	6.47861	4226	1498278	2493864676
###whatshap_v28_onlySNVs_16x_4.vcf	2046190	97.19306	0	0.00000	2140	0.10476	6.05492	4195	1521165	2495036026
###whatshap_v28_onlySNVs_16x_5.vcf	2047694	97.26450	0	0.00000	2192	0.10723	6.46622	4117	1539173	2496544908
###whatshap_v28_onlySNVs_16x_6.vcf	2046246	97.19572	0	0.00000	2222	0.10877	6.18252	4104	1538539	2496128886
###whatshap_v28_onlySNVs_16x_7.vcf	2046621	97.21354	0	0.00000	2159	0.10567	6.66288	4157	1519105	2492918736
###whatshap_v28_onlySNVs_16x_8.vcf	2046474	97.20655	0	0.00000	2219	0.10861	6.28931	4168	1537485	2493053587
###whatshap_v28_onlySNVs_16x_9.vcf	2047828	97.27087	0	0.00000	2224	0.10879	6.10923	4173	1487615	2495402256
###whatshap_v28_onlySNVs_18x_10.vcf	2065980	98.13308	0	0.00000	2084	0.10103	5.37266	4046	1594737	2494911572
###whatshap_v28_onlySNVs_18x_1.vcf	2066219	98.14443	0	0.00000	2062	0.09995	4.33908	4010	1542367	2496788878
###whatshap_v28_onlySNVs_18x_2.vcf	2066699	98.16723	0	0.00000	2102	0.10187	5.43779	4037	1616548	2495206643
###whatshap_v28_onlySNVs_18x_3.vcf	2066475	98.15659	0	0.00000	2070	0.10033	5.04330	4002	1603066	2496730227
###whatshap_v28_onlySNVs_18x_4.vcf	2067220	98.19198	0	0.00000	2110	0.10223	5.45222	4000	1641486	2498429671
###whatshap_v28_onlySNVs_18x_5.vcf	2066285	98.14757	0	0.00000	2041	0.09893	4.74929	4071	1545253	2494680735
###whatshap_v28_onlySNVs_18x_6.vcf	2067198	98.19093	0	0.00000	2092	0.10136	4.91282	4003	1576548	2497416569
###whatshap_v28_onlySNVs_18x_7.vcf	2066612	98.16310	0	0.00000	2041	0.09892	4.87615	3960	1618474	2496076114
###whatshap_v28_onlySNVs_18x_8.vcf	2067079	98.18528	0	0.00000	2087	0.10112	5.34829	3968	1654547	2498828172
###whatshap_v28_onlySNVs_18x_9.vcf	2066595	98.16229	0	0.00000	2041	0.09892	4.86779	3990	1590971	2495652780
###whatshap_v28_onlySNVs_20x_10.vcf	2076257	98.62123	0	0.00000	2018	0.09734	4.33317	3889	1641865	2499620418
###whatshap_v28_onlySNVs_20x_1.vcf	2076404	98.62821	0	0.00000	1922	0.09270	3.57549	3909	1652503	2498435309
###whatshap_v28_onlySNVs_20x_2.vcf	2076574	98.63629	0	0.00000	1968	0.09492	4.24898	3944	1629896	2495583235
###whatshap_v28_onlySNVs_20x_3.vcf	2076613	98.63814	0	0.00000	1988	0.09588	3.89268	3882	1672327	2497924863
###whatshap_v28_onlySNVs_20x_4.vcf	2076216	98.61928	0	0.00000	1942	0.09368	4.36657	3941	1659620	2496563388
###whatshap_v28_onlySNVs_20x_5.vcf	2076120	98.61472	0	0.00000	1983	0.09566	4.92395	3915	1676422	2495870347
###whatshap_v28_onlySNVs_20x_6.vcf	2076135	98.61544	0	0.00000	1993	0.09614	4.19276	3949	1643786	2497042080
###whatshap_v28_onlySNVs_20x_7.vcf	2077202	98.66612	0	0.00000	1997	0.09628	4.49760	3820	1640783	2498343077
###whatshap_v28_onlySNVs_20x_8.vcf	2076631	98.63900	0	0.00000	1970	0.09501	3.84931	3889	1635989	2497398554
###whatshap_v28_onlySNVs_20x_9.vcf	2075747	98.59701	0	0.00000	1944	0.09380	4.26717	3904	1678693	2497722101
###whatshap_v28_onlySNVs_30x_1.vcf	2090707	99.30760	0	0.00000	1850	0.08860	2.44558	3499	1876879	2514869957
###whatshap_v28_onlySNVs_40x_1.vcf	2094263	99.47651	0	0.00000	1810	0.08652	2.91902	3208	2150938	2531683337
###whatshap_v28_onlySNVs_50x_1.vcf	2095589	99.53949	0	0.00000	1811	0.08651	2.23158	3034	2471462	2543880701
###whatshap_v28_onlySNVs_60x_1.vcf	2095976	99.55787	0	0.00000	1801	0.08601	2.60870	2912	2724972	2553718702
