step 0: 1024 runs match the tables (phased SNVs and SNV switch errors), 0 do not, 64 have no table value

Item 4 - SNV switch errors (mean per genome) by benchmark region; fold = max/min of LP2, WH, HC2 rates

[v5 truth, region all]
cov	LP2_sw	LP2_rate%	LP2-noGNN_sw	LP2-noGNN_rate%	WH_sw	WH_rate%	HC2_sw	HC2_rate%	fold
10	1518	0.0816	2259	0.1209	4383	0.2327	5018	0.2663	3.26
12	1335	0.0660	1995	0.0984	4229	0.2070	4948	0.2420	3.67
14	1137	0.0541	1706	0.0809	3848	0.1812	4652	0.2189	4.05
16	1011	0.0471	1514	0.0704	3561	0.1645	4344	0.2005	4.26
18	918	0.0423	1374	0.0633	3291	0.1506	4068	0.1860	4.39
20	823	0.0378	1235	0.0566	3067	0.1396	3825	0.1741	4.61
30	680	0.0310	1004	0.0457	2524	0.1142	3280	0.1484	4.78
40	602	0.0274	878	0.0400	2139	0.0967	2916	0.1318	4.80
50	588	0.0268	883	0.0402	2010	0.0908	2568	0.1160	4.32
60	496	0.0227	743	0.0339	1785	0.0807	2309	0.1043	4.61

[v5 truth, region shared]
cov	LP2_sw	LP2_rate%	LP2-noGNN_sw	LP2-noGNN_rate%	WH_sw	WH_rate%	HC2_sw	HC2_rate%	fold
10	805	0.0486	1105	0.0667	1483	0.0891	1686	0.1012	2.08
12	622	0.0347	849	0.0472	1143	0.0634	1396	0.0773	2.23
14	453	0.0243	608	0.0326	841	0.0449	1115	0.0595	2.45
16	335	0.0176	438	0.0230	631	0.0330	910	0.0477	2.71
18	253	0.0132	324	0.0169	449	0.0233	721	0.0374	2.84
20	196	0.0101	246	0.0127	340	0.0176	613	0.0317	3.13
30	62	0.0032	78	0.0040	134	0.0069	393	0.0202	6.32
40	41	0.0021	49	0.0025	107	0.0055	367	0.0188	8.92
50	32	0.0016	43	0.0022	76	0.0039	313	0.0160	9.74
60	33	0.0017	41	0.0021	63	0.0032	273	0.0140	8.23

[v5 truth, region v5only]
cov	LP2_sw	LP2_rate%	LP2-noGNN_sw	LP2-noGNN_rate%	WH_sw	WH_rate%	HC2_sw	HC2_rate%	fold
10	41	0.1047	55	0.1401	266	0.6541	322	0.7882	7.53
12	34	0.0771	47	0.1059	274	0.6002	327	0.7157	9.28
14	37	0.0800	49	0.1040	264	0.5476	336	0.6946	8.69
16	34	0.0699	46	0.0958	253	0.5112	305	0.6133	8.78
18	36	0.0741	44	0.0896	257	0.5121	321	0.6385	8.62
20	30	0.0615	39	0.0789	240	0.4761	315	0.6238	10.14
30	25	0.0509	28	0.0569	205	0.4043	268	0.5283	10.38
40	23	0.0468	26	0.0528	163	0.3204	254	0.4990	10.66
50	16	0.0326	19	0.0386	155	0.3036	203	0.3976	12.21
60	15	0.0308	20	0.0410	88	0.1726	148	0.2902	9.42

[v5 truth, region v4only]
cov	LP2_sw	LP2_rate%	LP2-noGNN_sw	LP2-noGNN_rate%	WH_sw	WH_rate%	HC2_sw	HC2_rate%	fold
10	16	0.0608	22	0.0833	56	0.2116	58	0.2190	3.60
12	15	0.0524	21	0.0741	52	0.1784	55	0.1900	3.63
14	12	0.0400	17	0.0562	46	0.1511	48	0.1566	3.92
16	12	0.0407	15	0.0500	43	0.1369	46	0.1480	3.64
18	11	0.0361	14	0.0434	40	0.1270	42	0.1329	3.68
20	10	0.0308	12	0.0367	39	0.1233	40	0.1255	4.08
30	8	0.0252	10	0.0315	37	0.1152	36	0.1120	4.57
40	12	0.0378	14	0.0440	35	0.1088	30	0.0933	2.88
50	12	0.0381	12	0.0381	30	0.0932	29	0.0900	2.44
60	6	0.0189	7	0.0221	23	0.0715	16	0.0497	3.77

[v5 truth, region neither]
cov	LP2_sw	LP2_rate%	LP2-noGNN_sw	LP2-noGNN_rate%	WH_sw	WH_rate%	HC2_sw	HC2_rate%	fold
10	438	1.1855	778	1.9949	2030	4.6307	2175	4.9346	4.16
12	461	1.1226	804	1.8621	2221	4.5620	2387	4.8731	4.34
14	450	1.0211	792	1.7135	2217	4.2530	2423	4.6191	4.52
16	461	1.0112	797	1.6712	2201	4.0910	2401	4.4302	4.38
18	465	0.9973	799	1.6386	2139	3.9001	2344	4.2452	4.26
20	446	0.9507	762	1.5576	2065	3.7536	2262	4.0960	4.31
30	454	0.9856	737	1.5300	1829	3.3395	2053	3.7371	3.79
40	413	0.9227	649	1.3937	1549	2.8997	1803	3.3629	3.64
50	407	0.9301	670	1.4714	1490	2.8456	1594	3.0332	3.26
60	348	0.8094	565	1.2663	1337	2.6121	1430	2.7848	3.44

[v4 truth, region all]
cov	LP2_sw	LP2_rate%	LP2-noGNN_sw	LP2-noGNN_rate%	WH_sw	WH_rate%	HC2_sw	HC2_rate%	fold
10	1820	0.1030	2268	0.1280	2773	0.1557	3050	0.1712	1.66
12	1804	0.0940	2164	0.1126	2590	0.1341	2941	0.1523	1.62
14	1732	0.0868	1997	0.1000	2356	0.1175	2721	0.1356	1.56
16	1699	0.0835	1886	0.0926	2190	0.1072	2559	0.1252	1.50
18	1671	0.0813	1815	0.0882	2073	0.1005	2434	0.1179	1.45
20	1656	0.0802	1769	0.0856	1972	0.0951	2346	0.1131	1.41
30	1635	0.0786	1691	0.0813	1850	0.0886	2202	0.1055	1.34
40	1663	0.0798	1704	0.0818	1810	0.0865	2171	0.1038	1.30
50	1669	0.0802	1709	0.0821	1811	0.0865	2133	0.1019	1.27
60	1676	0.0805	1708	0.0821	1801	0.0860	2088	0.0997	1.24

[v4 truth, region shared]
cov	LP2_sw	LP2_rate%	LP2-noGNN_sw	LP2-noGNN_rate%	WH_sw	WH_rate%	HC2_sw	HC2_rate%	fold
10	1445	0.0868	1839	0.1102	2235	0.1333	2432	0.1450	1.67
12	1370	0.0759	1685	0.0931	2003	0.1103	2256	0.1242	1.64
14	1284	0.0684	1508	0.0802	1773	0.0940	2039	0.1081	1.58
16	1239	0.0648	1395	0.0729	1610	0.0839	1878	0.0977	1.51
18	1191	0.0616	1308	0.0677	1468	0.0757	1725	0.0889	1.44
20	1169	0.0602	1257	0.0647	1372	0.0704	1633	0.0838	1.39
30	1127	0.0576	1160	0.0593	1238	0.0631	1492	0.0761	1.32
40	1150	0.0587	1174	0.0600	1230	0.0626	1475	0.0751	1.28
50	1150	0.0588	1176	0.0601	1233	0.0627	1464	0.0745	1.27
60	1178	0.0602	1193	0.0610	1245	0.0633	1435	0.0730	1.21

[v4 truth, region v5only]
cov	LP2_sw	LP2_rate%	LP2-noGNN_sw	LP2-noGNN_rate%	WH_sw	WH_rate%	HC2_sw	HC2_rate%	fold
10	17	0.1865	17	0.1861	24	0.2525	33	0.3469	1.86
12	22	0.2068	22	0.2085	29	0.2709	42	0.3845	1.86
14	25	0.2212	26	0.2236	34	0.2905	45	0.3865	1.75
16	26	0.2224	26	0.2222	37	0.3063	47	0.3927	1.77
18	30	0.2503	31	0.2567	40	0.3256	51	0.4145	1.66
20	31	0.2546	32	0.2610	42	0.3387	53	0.4288	1.68
30	38	0.3068	38	0.3067	46	0.3640	55	0.4354	1.42
40	32	0.2564	32	0.2563	39	0.3057	56	0.4389	1.71
50	33	0.2640	33	0.2640	46	0.3591	53	0.4137	1.57
60	34	0.2727	34	0.2726	38	0.2972	52	0.4065	1.49

[v4 truth, region v4only]
cov	LP2_sw	LP2_rate%	LP2-noGNN_sw	LP2-noGNN_rate%	WH_sw	WH_rate%	HC2_sw	HC2_rate%	fold
10	89	0.3233	105	0.3806	146	0.5218	151	0.5368	1.66
12	100	0.3327	113	0.3738	147	0.4814	156	0.5099	1.53
14	99	0.3121	112	0.3519	147	0.4577	153	0.4752	1.52
16	100	0.3088	110	0.3374	139	0.4217	147	0.4454	1.44
18	103	0.3126	114	0.3438	144	0.4306	152	0.4530	1.45
20	98	0.2959	110	0.3285	138	0.4082	141	0.4191	1.42
30	105	0.3138	118	0.3519	138	0.4066	157	0.4624	1.47
40	109	0.3256	119	0.3548	129	0.3788	136	0.3994	1.23
50	114	0.3434	120	0.3609	124	0.3639	131	0.3844	1.12
60	109	0.3261	113	0.3374	109	0.3197	116	0.3402	1.06

[v4 truth, region neither]
cov	LP2_sw	LP2_rate%	LP2-noGNN_sw	LP2-noGNN_rate%	WH_sw	WH_rate%	HC2_sw	HC2_rate%	fold
10	9	0.6628	10	0.6898	14	0.9475	13	0.9254	1.43
12	11	0.6970	11	0.7135	15	0.9136	16	0.9998	1.43
14	12	0.7032	13	0.7190	16	0.8850	17	0.9491	1.35
16	13	0.7162	14	0.7303	16	0.8137	18	0.9205	1.29
18	13	0.6844	13	0.6883	17	0.8582	17	0.8674	1.27
20	14	0.7123	14	0.7266	19	0.9182	19	0.9376	1.32
30	11	0.5454	11	0.5448	16	0.7748	17	0.8228	1.51
40	15	0.8021	15	0.8013	17	0.8205	19	0.9165	1.14
50	12	0.6518	12	0.6490	14	0.6773	13	0.6286	1.08
60	11	0.5876	11	0.5854	11	0.5248	15	0.7153	1.36

Item 4 - strata inside the v5.0q BED, v5 truth (mean SNV switch errors per genome / pooled rate %)

[10x]
stratum	LP2_sw	LP2_rate%	LP2-noGNN_sw	LP2-noGNN_rate%	WH_sw	WH_rate%	HC2_sw	HC2_rate%
any	938	0.0527	1284	0.0720	1992	0.1112	2445	0.1364
segdup	51	0.1095	71	0.1509	264	0.5474	292	0.6062
tandem_repeat	5	0.0314	10	0.0672	33	0.2147	54	0.3515
homopolymer	1	0.0380	2	0.0644	6	0.1854	19	0.6008
satellite	2	0.1373	5	0.3361	12	0.8642	12	0.8484
lowmap_segdup	55	0.0569	77	0.0797	279	0.2855	308	0.3148
not_difficult	604	0.0466	811	0.0625	1079	0.0828	1040	0.0798

[20x]
stratum	LP2_sw	LP2_rate%	LP2-noGNN_sw	LP2-noGNN_rate%	WH_sw	WH_rate%	HC2_sw	HC2_rate%
any	271	0.0130	340	0.0164	723	0.0347	1264	0.0606
segdup	37	0.0652	47	0.0823	232	0.3989	275	0.4736
tandem_repeat	3	0.0156	6	0.0333	29	0.1492	45	0.2313
homopolymer	0	0.0132	1	0.0184	5	0.1099	21	0.4660
satellite	2	0.0889	4	0.2295	10	0.5906	10	0.5555
lowmap_segdup	39	0.0337	49	0.0423	239	0.2053	283	0.2431
not_difficult	135	0.0090	168	0.0111	240	0.0159	244	0.0162

[30x]
stratum	LP2_sw	LP2_rate%	LP2-noGNN_sw	LP2-noGNN_rate%	WH_sw	WH_rate%	HC2_sw	HC2_rate%
any	117	0.0056	139	0.0066	444	0.0211	937	0.0446
segdup	29	0.0505	33	0.0574	202	0.3455	247	0.4223
tandem_repeat	0	0.0000	1	0.0051	16	0.0808	36	0.1817
homopolymer	0	0.0000	0	0.0000	5	0.1080	19	0.4111
satellite	0	0.0000	1	0.0584	3	0.1727	6	0.3454
lowmap_segdup	29	0.0252	33	0.0286	205	0.1752	254	0.2171
not_difficult	45	0.0030	54	0.0036	91	0.0060	100	0.0066

[60x]
stratum	LP2_sw	LP2_rate%	LP2-noGNN_sw	LP2-noGNN_rate%	WH_sw	WH_rate%	HC2_sw	HC2_rate%
any	66	0.0032	86	0.0041	235	0.0112	676	0.0321
segdup	18	0.0318	23	0.0405	80	0.1371	120	0.2056
tandem_repeat	0	0.0000	1	0.0051	15	0.0748	25	0.1246
homopolymer	0	0.0000	0	0.0000	0	0.0000	21	0.4441
satellite	0	0.0000	0	0.0000	0	0.0000	3	0.1719
lowmap_segdup	19	0.0166	24	0.0209	82	0.0699	124	0.1058
not_difficult	20	0.0013	23	0.0015	38	0.0025	40	0.0026

Item 4 - switch errors at the same pair of SNVs, replicate 1 (exact pair match)
truth	run	LP2	WH	HC2	LP2&WH	LP2&HC2	WH&HC2	all3	WH&HC2 only
v5	10x_1	1510	4258	4920	598	597	3139	543	2596
v5	12x_1	1359	4281	4807	534	538	3137	494	2643
v5	14x_1	1107	3744	4702	415	415	2752	381	2371
v5	16x_1	972	3381	4202	351	352	2423	328	2095
v5	18x_1	940	3304	4207	344	365	2382	325	2057
v5	20x_1	922	2735	3552	311	324	1937	289	1648
v5	30x_1	680	2524	3280	250	262	1686	236	1450
v5	40x_1	602	2139	2916	207	220	1416	195	1221
v5	50x_1	588	2010	2568	211	215	1264	202	1062
v5	60x_1	496	1785	2309	196	190	1140	183	957
v4	10x_1	1829	2775	3041	1195	1197	2145	1145	1000
v4	12x_1	1850	2668	3005	1300	1311	2161	1255	906
v4	14x_1	1734	2360	2755	1299	1283	1971	1248	723
v4	16x_1	1680	2177	2572	1364	1347	1821	1316	505
v4	18x_1	1685	2062	2473	1393	1382	1803	1354	449
v4	20x_1	1680	1922	2292	1431	1436	1722	1405	317
v4	30x_1	1635	1850	2202	1497	1491	1686	1474	212
v4	40x_1	1663	1810	2171	1530	1524	1673	1508	165
v4	50x_1	1669	1811	2133	1558	1546	1678	1528	150
v4	60x_1	1676	1801	2088	1582	1565	1677	1556	121

Item 3 - indel phase accuracy against v5.0q (no BED, as in the tables); means per genome
config	cov	phased_indel	indel_pairs	indel_sw	indel_sw%	snv+indel_sw%	snv_sw	snv_sw%	indel_ham%
longphase_coh_indel	10	159017	300442	495	0.1648	0.1505	2913	0.1558	10.829
longphase_coh_indel	12	180231	340112	447	0.1314	0.1225	2579	0.1271	11.621
longphase_coh_indel	14	193408	364592	392	0.1074	0.1013	2220	0.1052	11.302
longphase_coh_indel	16	202206	380765	352	0.0924	0.0885	1979	0.0920	10.746
longphase_coh_indel	18	208552	392361	322	0.0820	0.0799	1803	0.0830	9.970
longphase_coh_indel	20	213062	400569	305	0.0762	0.0726	1646	0.0754	9.492
longphase_coh_indel	30	224926	422113	236	0.0559	0.0580	1316	0.0600	8.081
longphase_coh_indel	40	230095	431381	236	0.0547	0.0514	1151	0.0524	7.874
longphase_coh_indel	50	233266	437126	202	0.0462	0.0481	1094	0.0499	6.507
longphase_coh_indel	60	234940	440036	183	0.0416	0.0419	953	0.0435	6.400
longphase_coh_indel_gnn	10	157148	296906	300	0.1009	0.0896	1704	0.0916	6.779
longphase_coh_indel_gnn	12	178440	336705	271	0.0805	0.0726	1501	0.0743	6.935
longphase_coh_indel_gnn	14	191814	361559	244	0.0675	0.0599	1284	0.0611	6.635
longphase_coh_indel_gnn	16	200758	378030	225	0.0595	0.0533	1167	0.0544	6.294
longphase_coh_indel_gnn	18	207291	389989	211	0.0542	0.0491	1087	0.0502	5.738
longphase_coh_indel_gnn	20	211933	398439	206	0.0517	0.0450	996	0.0458	5.724
longphase_coh_indel_gnn	30	224081	420534	179	0.0426	0.0374	822	0.0375	4.890
longphase_coh_indel_gnn	40	229304	429894	178	0.0414	0.0334	724	0.0330	4.353
longphase_coh_indel_gnn	50	232550	435766	143	0.0328	0.0300	664	0.0303	3.298
longphase_coh_indel_gnn	60	234254	438747	130	0.0296	0.0269	591	0.0270	3.515
longphase_coh_indel_sv	10	159013	300442	498	0.1658	0.1515	2934	0.1569	10.945
longphase_coh_indel_sv	12	180221	340100	450	0.1325	0.1231	2591	0.1277	11.806
longphase_coh_indel_sv	14	193403	364587	390	0.1070	0.1018	2230	0.1057	11.443
longphase_coh_indel_sv	16	202186	380738	355	0.0933	0.0891	1990	0.0926	10.895
longphase_coh_indel_sv	18	208536	392343	321	0.0818	0.0802	1811	0.0834	10.170
longphase_coh_indel_sv	20	213043	400544	306	0.0764	0.0730	1657	0.0759	9.738
longphase_coh_indel_sv	30	224899	422067	239	0.0566	0.0584	1323	0.0603	8.525
longphase_coh_indel_sv	40	230084	431353	238	0.0552	0.0521	1168	0.0532	7.771
longphase_coh_indel_sv	50	233212	437033	196	0.0448	0.0480	1098	0.0501	6.477
longphase_coh_indel_sv	60	234905	439980	187	0.0425	0.0420	952	0.0434	6.508
longphase_coh_indel_sv_gnn	10	157123	296865	300	0.1012	0.0900	1711	0.0920	6.772
longphase_coh_indel_sv_gnn	12	178419	336672	275	0.0816	0.0731	1510	0.0748	7.006
longphase_coh_indel_sv_gnn	14	191799	361535	244	0.0674	0.0601	1286	0.0612	6.760
longphase_coh_indel_sv_gnn	16	200719	377966	226	0.0598	0.0536	1173	0.0547	6.302
longphase_coh_indel_sv_gnn	18	207257	389938	211	0.0542	0.0493	1091	0.0504	5.866
longphase_coh_indel_sv_gnn	20	211895	398381	205	0.0515	0.0451	1001	0.0460	5.992
longphase_coh_indel_sv_gnn	30	224068	420512	185	0.0440	0.0382	838	0.0382	5.186
longphase_coh_indel_sv_gnn	40	229286	429849	182	0.0423	0.0341	739	0.0337	4.376
longphase_coh_indel_sv_gnn	50	232498	435674	142	0.0326	0.0303	673	0.0307	3.432
longphase_coh_indel_sv_gnn	60	234216	438685	139	0.0317	0.0271	592	0.0270	3.512
longphase_coh_indel_methyl	10	159058	300530	489	0.1627	0.1486	2877	0.1539	10.895
longphase_coh_indel_methyl	12	180279	340221	442	0.1300	0.1203	2531	0.1247	11.927
longphase_coh_indel_methyl	14	193448	364693	381	0.1045	0.0999	2190	0.1038	11.737
longphase_coh_indel_methyl	16	202249	380873	340	0.0894	0.0863	1929	0.0897	11.292
longphase_coh_indel_methyl	18	208591	392466	315	0.0803	0.0785	1772	0.0816	10.231
longphase_coh_indel_methyl	20	213106	400680	291	0.0727	0.0704	1596	0.0731	9.697
longphase_coh_indel_methyl	30	224947	422187	231	0.0547	0.0580	1317	0.0600	8.099
longphase_coh_indel_methyl	40	230136	431488	229	0.0531	0.0507	1137	0.0518	7.770
longphase_coh_indel_methyl	50	233309	437244	191	0.0437	0.0481	1098	0.0500	7.225
longphase_coh_indel_methyl	60	234978	440144	179	0.0407	0.0413	937	0.0427	7.424
longphase_coh_indel_methyl_gnn	10	157417	297396	310	0.1043	0.0907	1724	0.0927	6.981
longphase_coh_indel_methyl_gnn	12	178773	337331	280	0.0830	0.0731	1513	0.0748	7.289
longphase_coh_indel_methyl_gnn	14	192146	362192	249	0.0688	0.0608	1305	0.0620	7.197
longphase_coh_indel_methyl_gnn	16	201087	378656	228	0.0603	0.0532	1166	0.0543	6.722
longphase_coh_indel_methyl_gnn	18	207586	390547	213	0.0545	0.0491	1086	0.0501	6.185
longphase_coh_indel_methyl_gnn	20	212210	398965	201	0.0504	0.0439	972	0.0446	5.933
longphase_coh_indel_methyl_gnn	30	224249	420869	182	0.0432	0.0382	842	0.0384	5.306
longphase_coh_indel_methyl_gnn	40	229490	430251	180	0.0418	0.0332	722	0.0329	4.927
longphase_coh_indel_methyl_gnn	50	232724	436121	143	0.0328	0.0306	674	0.0308	3.860
longphase_coh_indel_methyl_gnn	60	234437	439106	137	0.0312	0.0271	593	0.0271	3.739
longphase_cophasing	10	159053	300528	493	0.1640	0.1497	2897	0.1549	10.981
longphase_cophasing	12	180272	340213	446	0.1311	0.1210	2546	0.1255	12.167
longphase_cophasing	14	193443	364691	383	0.1049	0.1004	2199	0.1042	11.921
longphase_cophasing	16	202231	380850	344	0.0902	0.0870	1946	0.0905	11.404
longphase_cophasing	18	208576	392449	314	0.0800	0.0788	1779	0.0819	10.522
longphase_cophasing	20	213096	400668	293	0.0732	0.0709	1610	0.0737	9.867
longphase_cophasing	30	224921	422145	231	0.0547	0.0582	1316	0.0599	8.436
longphase_cophasing	40	230134	431475	232	0.0538	0.0515	1155	0.0526	7.905
longphase_cophasing	50	233267	437175	187	0.0428	0.0480	1100	0.0501	7.145
longphase_cophasing	60	234944	440096	182	0.0414	0.0412	932	0.0425	7.325
longphase_cophasing_gnn	10	157408	297382	311	0.1045	0.0908	1726	0.0928	6.977
longphase_cophasing_gnn	12	178760	337310	283	0.0839	0.0734	1518	0.0751	7.428
longphase_cophasing_gnn	14	192139	362184	248	0.0684	0.0609	1307	0.0621	7.349
longphase_cophasing_gnn	16	201071	378631	228	0.0603	0.0535	1172	0.0546	6.745
longphase_cophasing_gnn	18	207560	390512	211	0.0540	0.0491	1089	0.0503	6.368
longphase_cophasing_gnn	20	212187	398930	200	0.0500	0.0443	981	0.0450	6.081
longphase_cophasing_gnn	30	224236	420856	181	0.0430	0.0390	863	0.0394	5.588
longphase_cophasing_gnn	40	229475	430214	177	0.0411	0.0341	745	0.0340	4.927
longphase_cophasing_gnn	50	232684	436057	143	0.0328	0.0306	678	0.0309	3.803
longphase_cophasing_gnn	60	234414	439077	138	0.0314	0.0269	585	0.0267	3.460
whatshap_v28	10	169742	319792	2685	0.8397	0.3499	5174	0.2745	12.544
whatshap_v28	12	192582	362338	2876	0.7937	0.3233	4976	0.2434	13.805
whatshap_v28	14	206802	388699	3018	0.7766	0.3018	4590	0.2160	13.656
whatshap_v28	16	216424	406318	3058	0.7525	0.2830	4196	0.1938	13.363
whatshap_v28	18	223639	419475	3228	0.7694	0.2766	3916	0.1790	12.289
whatshap_v28	20	228884	428948	3379	0.7877	0.2721	3683	0.1676	11.908
whatshap_v28	30	243513	455362	3764	0.8266	0.2617	3027	0.1369	10.370
whatshap_v28	40	250622	468089	4135	0.8834	0.2596	2572	0.1162	11.031
whatshap_v28	50	254935	475834	4254	0.8940	0.2559	2346	0.1059	9.030
whatshap_v28	60	257426	480222	4377	0.9115	0.2531	2139	0.0966	9.814
